arch	M50.00 0.00 C51.73 0.00 53.43 0.09 55.11 0.26 C56.79 0.43 58.45 0.68 60.08 1.02 C61.70 1.35 63.30 1.76 64.87 2.25 C66.43 2.73 67.97 3.30 69.46 3.93 C70.96 4.56 72.42 5.27 73.83 6.03 C75.25 6.80 76.63 7.64 77.96 8.54 C79.29 9.44 80.57 10.40 81.80 11.42 C83.04 12.44 84.22 13.51 85.36 14.64 C86.49 15.78 87.56 16.96 88.58 18.20 C89.60 19.43 90.56 20.71 91.46 22.04 C92.36 23.37 93.20 24.75 93.97 26.17 C94.73 27.58 95.44 29.04 96.07 30.54 C96.70 32.03 97.27 33.57 97.75 35.13 C98.24 36.70 98.65 38.30 98.98 39.92 C99.32 41.55 99.57 43.21 99.74 44.89 C99.91 46.57 100.00 48.27 100.00 50.00 C100.00 51.67 100.00 53.33 100.00 55.00 C100.00 56.67 100.00 58.33 100.00 60.00 C100.00 61.67 100.00 63.33 100.00 65.00 C100.00 66.67 100.00 68.33 100.00 70.00 C100.00 71.67 100.00 73.33 100.00 75.00 C100.00 76.67 100.00 78.33 100.00 80.00 C100.00 81.67 100.00 83.33 100.00 85.00 C100.00 86.67 100.00 88.33 100.00 90.00 C100.00 91.38 99.72 92.70 99.21 93.89 C98.71 95.09 97.98 96.17 97.07 97.07 C96.17 97.98 95.09 98.71 93.89 99.21 C92.70 99.72 91.38 100.00 90.00 100.00 C88.33 100.00 86.67 100.00 85.00 100.00 C83.33 100.00 81.67 100.00 80.00 100.00 C78.33 100.00 76.67 100.00 75.00 100.00 C73.33 100.00 71.67 100.00 70.00 100.00 C68.33 100.00 66.67 100.00 65.00 100.00 C63.33 100.00 61.67 100.00 60.00 100.00 C58.33 100.00 56.67 100.00 55.00 100.00 C53.33 100.00 51.67 100.00 50.00 100.00 C48.33 100.00 46.67 100.00 45.00 100.00 C43.33 100.00 41.67 100.00 40.00 100.00 C38.33 100.00 36.67 100.00 35.00 100.00 C33.33 100.00 31.67 100.00 30.00 100.00 C28.33 100.00 26.67 100.00 25.00 100.00 C23.33 100.00 21.67 100.00 20.00 100.00 C18.33 100.00 16.67 100.00 15.00 100.00 C13.33 100.00 11.67 100.00 10.00 100.00 C8.62 100.00 7.30 99.72 6.11 99.21 C4.91 98.71 3.83 97.98 2.93 97.07 C2.02 96.17 1.29 95.09 0.79 93.89 C0.28 92.70 0.00 91.38 0.00 90.00 C0.00 88.33 0.00 86.67 0.00 85.00 C0.00 83.33 0.00 81.67 0.00 80.00 C0.00 78.33 0.00 76.67 0.00 75.00 C0.00 73.33 0.00 71.67 0.00 70.00 C0.00 68.33 0.00 66.67 0.00 65.00 C0.00 63.33 0.00 61.67 0.00 60.00 C0.00 58.33 0.00 56.67 0.00 55.00 C0.00 53.33 0.00 51.67 0.00 50.00 C0.00 48.27 0.09 46.57 0.26 44.89 C0.43 43.21 0.68 41.55 1.02 39.92 C1.35 38.30 1.76 36.70 2.25 35.13 C2.73 33.57 3.30 32.03 3.93 30.54 C4.56 29.04 5.27 27.58 6.03 26.17 C6.80 24.75 7.64 23.37 8.54 22.04 C9.44 20.71 10.40 19.43 11.42 18.20 C12.44 16.96 13.51 15.78 14.64 14.64 C15.78 13.51 16.96 12.44 18.20 11.42 C19.43 10.40 20.71 9.44 22.04 8.54 C23.37 7.64 24.75 6.80 26.17 6.03 C27.58 5.27 29.04 4.56 30.54 3.93 C32.03 3.30 33.57 2.73 35.13 2.25 C36.70 1.76 38.30 1.35 39.92 1.02 C41.55 0.68 43.21 0.43 44.89 0.26 C46.57 0.09 48.27 0.00 50.00 0.00 Z
arrow	M47.95 3.16 C49.31 2.96 50.69 2.96 52.05 3.16 C53.41 3.36 54.74 3.76 56.00 4.36 C57.25 4.96 58.43 5.76 59.48 6.75 C60.53 7.75 61.45 8.95 62.19 10.35 C62.90 11.71 63.61 13.06 64.33 14.41 C65.04 15.76 65.75 17.11 66.47 18.46 C67.18 19.81 67.89 21.16 68.61 22.51 C69.32 23.87 70.03 25.22 70.74 26.57 C71.46 27.92 72.17 29.27 72.88 30.62 C73.60 31.97 74.31 33.32 75.02 34.67 C75.74 36.03 76.45 37.38 77.16 38.73 C77.88 40.08 78.59 41.43 79.30 42.78 C80.01 44.13 80.73 45.48 81.44 46.83 C82.15 48.19 82.87 49.54 83.58 50.89 C84.29 52.24 85.01 53.59 85.72 54.94 C86.43 56.29 87.15 57.64 87.86 58.99 C88.57 60.35 89.28 61.70 90.00 63.05 C90.71 64.40 91.42 65.75 92.14 67.10 C92.85 68.45 93.56 69.80 94.28 71.15 C94.99 72.50 95.70 73.86 96.42 75.21 C97.13 76.56 97.84 77.91 98.55 79.26 C99.33 80.73 99.77 82.21 99.93 83.66 C100.09 85.12 99.97 86.54 99.62 87.89 C99.26 89.23 98.67 90.50 97.90 91.63 C97.12 92.77 96.16 93.77 95.06 94.59 C93.96 95.42 92.72 96.06 91.39 96.47 C90.07 96.89 88.65 97.07 87.19 96.97 C85.73 96.87 84.23 96.49 82.73 95.79 C81.40 95.16 80.08 94.53 78.75 93.90 C77.42 93.27 76.10 92.64 74.77 92.01 C73.44 91.39 72.12 90.76 70.79 90.13 C69.46 89.50 68.14 88.87 66.81 88.24 C65.48 87.62 64.16 86.99 62.83 86.36 C61.50 85.73 60.18 85.10 58.85 84.47 C57.73 83.94 56.57 83.52 55.40 83.20 C54.22 82.88 53.02 82.67 51.81 82.56 C50.61 82.46 49.39 82.46 48.19 82.56 C46.98 82.67 45.78 82.88 44.60 83.20 C43.43 83.52 42.27 83.94 41.15 84.47 C39.82 85.10 38.50 85.73 37.17 86.36 C35.84 86.99 34.52 87.62 33.19 88.24 C31.86 88.87 30.54 89.50 29.21 90.13 C27.88 90.76 26.56 91.39 25.23 92.01 C23.90 92.64 22.58 93.27 21.25 93.90 C19.92 94.53 18.60 95.16 17.27 95.79 C15.77 96.49 14.27 96.87 12.81 96.97 C11.35 97.07 9.93 96.89 8.61 96.47 C7.28 96.06 6.04 95.42 4.94 94.59 C3.84 93.77 2.88 92.77 2.10 91.63 C1.33 90.50 0.74 89.23 0.38 87.89 C0.03 86.54 -0.09 85.12 0.07 83.66 C0.23 82.21 0.67 80.73 1.45 79.26 C2.16 77.91 2.87 76.56 3.58 75.21 C4.30 73.86 5.01 72.50 5.72 71.15 C6.44 69.80 7.15 68.45 7.86 67.10 C8.58 65.75 9.29 64.40 10.00 63.05 C10.72 61.70 11.43 60.35 12.14 58.99 C12.85 57.64 13.57 56.29 14.28 54.94 C14.99 53.59 15.71 52.24 16.42 50.89 C17.13 49.54 17.85 48.19 18.56 46.83 C19.27 45.48 19.99 44.13 20.70 42.78 C21.41 41.43 22.12 40.08 22.84 38.73 C23.55 37.38 24.26 36.03 24.98 34.67 C25.69 33.32 26.40 31.97 27.12 30.62 C27.83 29.27 28.54 27.92 29.26 26.57 C29.97 25.22 30.68 23.87 31.39 22.51 C32.11 21.16 32.82 19.81 33.53 18.46 C34.25 17.11 34.96 15.76 35.67 14.41 C36.39 13.06 37.10 11.71 37.81 10.35 C38.55 8.95 39.47 7.75 40.52 6.75 C41.57 5.76 42.75 4.96 44.00 4.36 C45.26 3.76 46.59 3.36 47.95 3.16 Z
boom	M48.32 1.63 C48.69 -0.20 51.31 -0.20 51.68 1.63 C52.84 7.33 54.00 13.02 55.16 18.71 C55.45 20.18 57.36 20.59 58.23 19.37 C61.61 14.64 64.98 9.91 68.36 5.18 C69.44 3.66 71.83 4.72 71.43 6.54 C70.17 12.22 68.91 17.89 67.65 23.56 C67.33 25.02 68.91 26.17 70.20 25.41 C72.70 23.94 75.20 22.46 77.71 20.99 C80.21 19.51 82.71 18.04 85.22 16.56 C86.83 15.61 88.58 17.56 87.47 19.06 C85.74 21.40 84.01 23.73 82.28 26.07 C80.55 28.40 78.83 30.74 77.10 33.07 C76.21 34.28 77.18 35.97 78.67 35.80 C84.44 35.14 90.22 34.48 95.99 33.82 C97.85 33.61 98.65 36.10 97.03 37.02 C91.97 39.88 86.91 42.74 81.86 45.60 C80.55 46.34 80.76 48.28 82.19 48.73 C87.73 50.48 93.27 52.23 98.81 53.97 C100.59 54.54 100.32 57.14 98.46 57.32 C92.68 57.87 86.89 58.43 81.11 58.99 C79.62 59.13 79.01 60.99 80.14 61.98 C84.49 65.83 88.84 69.68 93.19 73.53 C94.59 74.77 93.28 77.03 91.51 76.44 C86.00 74.60 80.49 72.75 74.98 70.91 C73.56 70.43 72.25 71.88 72.88 73.25 C74.08 75.89 75.28 78.53 76.49 81.18 C77.69 83.82 78.90 86.47 80.10 89.11 C80.88 90.81 78.76 92.35 77.38 91.08 C75.24 89.12 73.10 87.16 70.96 85.20 C68.82 83.23 66.67 81.27 64.53 79.31 C63.43 78.30 61.65 79.09 61.66 80.59 C61.68 83.49 61.71 86.40 61.74 89.30 C61.76 92.21 61.79 95.11 61.81 98.02 C61.83 99.89 59.27 100.43 58.52 98.72 C56.21 93.39 53.89 88.06 51.57 82.73 C50.97 81.36 49.03 81.36 48.43 82.73 C46.11 88.06 43.79 93.39 41.48 98.72 C40.73 100.43 38.17 99.89 38.19 98.02 C38.24 92.21 38.29 86.40 38.34 80.59 C38.35 79.09 36.57 78.30 35.47 79.31 C33.33 81.27 31.18 83.23 29.04 85.20 C26.90 87.16 24.76 89.12 22.62 91.08 C21.24 92.35 19.12 90.81 19.90 89.11 C22.31 83.82 24.72 78.53 27.12 73.25 C27.75 71.88 26.44 70.43 25.02 70.91 C19.51 72.75 14.00 74.60 8.49 76.44 C6.72 77.03 5.41 74.77 6.81 73.53 C11.16 69.68 15.51 65.83 19.86 61.98 C20.99 60.99 20.38 59.13 18.89 58.99 C13.11 58.43 7.32 57.87 1.54 57.32 C-0.32 57.14 -0.59 54.54 1.19 53.97 C3.96 53.10 6.73 52.23 9.50 51.35 C12.27 50.48 15.04 49.61 17.81 48.73 C19.24 48.28 19.45 46.34 18.14 45.60 C15.61 44.17 13.09 42.74 10.56 41.31 C8.03 39.88 5.50 38.45 2.97 37.02 C1.35 36.10 2.15 33.61 4.01 33.82 C6.90 34.15 9.78 34.48 12.67 34.81 C15.56 35.14 18.44 35.47 21.33 35.80 C22.82 35.97 23.79 34.28 22.90 33.07 C21.17 30.74 19.45 28.40 17.72 26.07 C15.99 23.73 14.26 21.40 12.53 19.06 C11.42 17.56 13.17 15.61 14.78 16.56 C17.29 18.04 19.79 19.51 22.29 20.99 C24.80 22.46 27.30 23.94 29.80 25.41 C31.09 26.17 32.67 25.02 32.35 23.56 C31.09 17.89 29.83 12.22 28.57 6.54 C28.17 4.72 30.56 3.66 31.64 5.18 C35.02 9.91 38.39 14.64 41.77 19.37 C42.64 20.59 44.55 20.18 44.84 18.71 C45.42 15.87 46.00 13.02 46.58 10.17 C47.16 7.33 47.74 4.48 48.32 1.63 Z
burst	M48.68 0.74 C49.29 -0.25 50.71 -0.25 51.32 0.74 C52.57 2.78 53.82 4.82 55.07 6.87 C56.32 8.91 57.57 10.95 58.82 12.99 C59.24 13.69 60.15 13.94 60.87 13.54 C62.97 12.40 65.08 11.26 67.18 10.11 C69.28 8.97 71.39 7.82 73.49 6.68 C74.50 6.13 75.74 6.84 75.77 8.00 C75.83 10.39 75.89 12.78 75.95 15.18 C76.02 17.57 76.08 19.97 76.14 22.36 C76.16 23.18 76.82 23.84 77.64 23.86 C80.03 23.92 82.43 23.98 84.82 24.05 C87.22 24.11 89.61 24.17 92.00 24.23 C93.16 24.26 93.87 25.50 93.32 26.51 C92.18 28.61 91.03 30.72 89.89 32.82 C88.74 34.92 87.60 37.03 86.46 39.13 C86.06 39.85 86.31 40.76 87.01 41.18 C89.05 42.43 91.09 43.68 93.13 44.93 C95.18 46.18 97.22 47.43 99.26 48.68 C100.25 49.29 100.25 50.71 99.26 51.32 C97.22 52.57 95.18 53.82 93.13 55.07 C91.09 56.32 89.05 57.57 87.01 58.82 C86.31 59.24 86.06 60.15 86.46 60.87 C87.60 62.97 88.74 65.08 89.89 67.18 C91.03 69.28 92.18 71.39 93.32 73.49 C93.87 74.50 93.16 75.74 92.00 75.77 C89.61 75.83 87.22 75.89 84.82 75.95 C82.43 76.02 80.03 76.08 77.64 76.14 C76.82 76.16 76.16 76.82 76.14 77.64 C76.08 80.03 76.02 82.43 75.95 84.82 C75.89 87.22 75.83 89.61 75.77 92.00 C75.74 93.16 74.50 93.87 73.49 93.32 C71.39 92.18 69.28 91.03 67.18 89.89 C65.08 88.74 62.97 87.60 60.87 86.46 C60.15 86.06 59.24 86.31 58.82 87.01 C57.57 89.05 56.32 91.09 55.07 93.13 C53.82 95.18 52.57 97.22 51.32 99.26 C50.71 100.25 49.29 100.25 48.68 99.26 C47.43 97.22 46.18 95.18 44.93 93.13 C43.68 91.09 42.43 89.05 41.18 87.01 C40.76 86.31 39.85 86.06 39.13 86.46 C37.03 87.60 34.92 88.74 32.82 89.89 C30.72 91.03 28.61 92.18 26.51 93.32 C25.50 93.87 24.26 93.16 24.23 92.00 C24.17 89.61 24.11 87.22 24.05 84.82 C23.98 82.43 23.92 80.03 23.86 77.64 C23.84 76.82 23.18 76.16 22.36 76.14 C19.97 76.08 17.57 76.02 15.18 75.95 C12.78 75.89 10.39 75.83 8.00 75.77 C6.84 75.74 6.13 74.50 6.68 73.49 C7.82 71.39 8.97 69.28 10.11 67.18 C11.26 65.08 12.40 62.97 13.54 60.87 C13.94 60.15 13.69 59.24 12.99 58.82 C10.95 57.57 8.91 56.32 6.87 55.07 C4.82 53.82 2.78 52.57 0.74 51.32 C-0.25 50.71 -0.25 49.29 0.74 48.68 C2.78 47.43 4.82 46.18 6.87 44.93 C8.91 43.68 10.95 42.43 12.99 41.18 C13.69 40.76 13.94 39.85 13.54 39.13 C12.40 37.03 11.26 34.92 10.11 32.82 C8.97 30.72 7.82 28.61 6.68 26.51 C6.13 25.50 6.84 24.26 8.00 24.23 C10.39 24.17 12.78 24.11 15.18 24.05 C17.57 23.98 19.97 23.92 22.36 23.86 C23.18 23.84 23.84 23.18 23.86 22.36 C23.92 19.97 23.98 17.57 24.05 15.18 C24.11 12.78 24.17 10.39 24.23 8.00 C24.26 6.84 25.50 6.13 26.51 6.68 C28.61 7.82 30.72 8.97 32.82 10.11 C34.92 11.26 37.03 12.40 39.13 13.54 C39.85 13.94 40.76 13.69 41.18 12.99 C42.43 10.95 43.68 8.91 44.93 6.87 C46.18 4.82 47.43 2.78 48.68 0.74 Z
circle	M47.83 0.05 C49.28 -0.02 50.72 -0.02 52.17 0.05 C53.61 0.11 55.05 0.23 56.49 0.42 C57.93 0.61 59.36 0.86 60.78 1.17 C62.19 1.49 63.60 1.86 65.00 2.30 C66.39 2.74 67.77 3.24 69.13 3.81 C70.50 4.37 71.83 4.99 73.12 5.67 C74.42 6.34 75.68 7.07 76.91 7.86 C78.13 8.64 79.32 9.47 80.47 10.35 C81.62 11.24 82.72 12.17 83.79 13.15 C84.86 14.12 85.88 15.14 86.85 16.21 C87.83 17.28 88.76 18.38 89.65 19.53 C90.53 20.68 91.36 21.87 92.14 23.09 C92.93 24.32 93.66 25.58 94.33 26.88 C95.01 28.17 95.63 29.50 96.19 30.87 C96.76 32.23 97.26 33.61 97.70 35.00 C98.14 36.40 98.51 37.81 98.83 39.22 C99.14 40.64 99.39 42.07 99.58 43.51 C99.77 44.95 99.89 46.39 99.95 47.83 C100.02 49.28 100.02 50.72 99.95 52.17 C99.89 53.61 99.77 55.05 99.58 56.49 C99.39 57.93 99.14 59.36 98.83 60.78 C98.51 62.19 98.14 63.60 97.70 65.00 C97.26 66.39 96.76 67.77 96.19 69.13 C95.63 70.50 95.01 71.83 94.33 73.12 C93.66 74.42 92.93 75.68 92.14 76.91 C91.36 78.13 90.53 79.32 89.65 80.47 C88.76 81.62 87.83 82.72 86.85 83.79 C85.88 84.86 84.86 85.88 83.79 86.85 C82.72 87.83 81.62 88.76 80.47 89.65 C79.32 90.53 78.13 91.36 76.91 92.14 C75.68 92.93 74.42 93.66 73.12 94.33 C71.83 95.01 70.50 95.63 69.13 96.19 C67.77 96.76 66.39 97.26 65.00 97.70 C63.60 98.14 62.19 98.51 60.78 98.83 C59.36 99.14 57.93 99.39 56.49 99.58 C55.05 99.77 53.61 99.89 52.17 99.95 C50.72 100.02 49.28 100.02 47.83 99.95 C46.39 99.89 44.95 99.77 43.51 99.58 C42.07 99.39 40.64 99.14 39.22 98.83 C37.81 98.51 36.40 98.14 35.00 97.70 C33.61 97.26 32.23 96.76 30.87 96.19 C29.50 95.63 28.17 95.01 26.88 94.33 C25.58 93.66 24.32 92.93 23.09 92.14 C21.87 91.36 20.68 90.53 19.53 89.65 C18.38 88.76 17.28 87.83 16.21 86.85 C15.14 85.88 14.12 84.86 13.15 83.79 C12.17 82.72 11.24 81.62 10.35 80.47 C9.47 79.32 8.64 78.13 7.86 76.91 C7.07 75.68 6.34 74.42 5.67 73.12 C4.99 71.83 4.37 70.50 3.81 69.13 C3.24 67.77 2.74 66.39 2.30 65.00 C1.86 63.60 1.49 62.19 1.17 60.78 C0.86 59.36 0.61 57.93 0.42 56.49 C0.23 55.05 0.11 53.61 0.05 52.17 C-0.02 50.72 -0.02 49.28 0.05 47.83 C0.11 46.39 0.23 44.95 0.42 43.51 C0.61 42.07 0.86 40.64 1.17 39.22 C1.49 37.81 1.86 36.40 2.30 35.00 C2.74 33.61 3.24 32.23 3.81 30.87 C4.37 29.50 4.99 28.17 5.67 26.88 C6.34 25.58 7.07 24.32 7.86 23.09 C8.64 21.87 9.47 20.68 10.35 19.53 C11.24 18.38 12.17 17.28 13.15 16.21 C14.12 15.14 15.14 14.12 16.21 13.15 C17.28 12.17 18.38 11.24 19.53 10.35 C20.68 9.47 21.87 8.64 23.09 7.86 C24.32 7.07 25.58 6.34 26.88 5.67 C28.17 4.99 29.50 4.37 30.87 3.81 C32.23 3.24 33.61 2.74 35.00 2.30 C36.40 1.86 37.81 1.49 39.22 1.17 C40.64 0.86 42.07 0.61 43.51 0.42 C44.95 0.23 46.39 0.11 47.83 0.05 Z
clam_shell	M47.66 0.00 C49.22 0.00 50.78 0.00 52.34 0.00 C53.90 0.00 55.45 0.00 57.01 0.00 C58.57 0.00 60.13 0.00 61.69 0.00 C63.24 0.00 64.80 0.00 66.36 0.00 C67.92 0.00 69.48 0.00 71.03 0.00 C72.35 0.00 73.62 0.26 74.79 0.73 C75.96 1.21 77.03 1.90 77.95 2.77 C78.86 3.65 79.62 4.70 80.15 5.90 C80.82 7.38 81.49 8.86 82.15 10.34 C82.82 11.82 83.49 13.30 84.15 14.79 C84.82 16.27 85.49 17.75 86.15 19.23 C86.82 20.71 87.49 22.19 88.15 23.67 C88.82 25.16 89.49 26.64 90.15 28.12 C90.82 29.60 91.49 31.08 92.15 32.56 C92.82 34.04 93.49 35.53 94.15 37.01 C94.82 38.49 95.49 39.97 96.15 41.45 C96.82 42.93 97.49 44.41 98.15 45.90 C98.54 46.77 98.81 47.68 98.94 48.60 C99.07 49.53 99.07 50.47 98.94 51.40 C98.81 52.32 98.54 53.23 98.15 54.10 C97.49 55.59 96.82 57.07 96.15 58.55 C95.49 60.03 94.82 61.51 94.15 62.99 C93.49 64.47 92.82 65.96 92.15 67.44 C91.49 68.92 90.82 70.40 90.15 71.88 C89.49 73.36 88.82 74.84 88.15 76.33 C87.49 77.81 86.82 79.29 86.15 80.77 C85.49 82.25 84.82 83.73 84.15 85.21 C83.49 86.70 82.82 88.18 82.15 89.66 C81.49 91.14 80.82 92.62 80.15 94.10 C79.62 95.30 78.86 96.35 77.95 97.23 C77.03 98.10 75.96 98.79 74.79 99.27 C73.62 99.74 72.35 100.00 71.03 100.00 C69.48 100.00 67.92 100.00 66.36 100.00 C64.80 100.00 63.24 100.00 61.69 100.00 C60.13 100.00 58.57 100.00 57.01 100.00 C55.45 100.00 53.90 100.00 52.34 100.00 C50.78 100.00 49.22 100.00 47.66 100.00 C46.10 100.00 44.55 100.00 42.99 100.00 C41.43 100.00 39.87 100.00 38.31 100.00 C36.76 100.00 35.20 100.00 33.64 100.00 C32.08 100.00 30.52 100.00 28.97 100.00 C27.65 100.00 26.38 99.74 25.21 99.27 C24.04 98.79 22.97 98.10 22.05 97.23 C21.14 96.35 20.38 95.30 19.85 94.10 C19.18 92.62 18.51 91.14 17.85 89.66 C17.18 88.18 16.51 86.70 15.85 85.21 C15.18 83.73 14.51 82.25 13.85 80.77 C13.18 79.29 12.51 77.81 11.85 76.33 C11.18 74.84 10.51 73.36 9.85 71.88 C9.18 70.40 8.51 68.92 7.85 67.44 C7.18 65.96 6.51 64.47 5.85 62.99 C5.18 61.51 4.51 60.03 3.85 58.55 C3.18 57.07 2.51 55.59 1.85 54.10 C1.46 53.23 1.19 52.32 1.06 51.40 C0.93 50.47 0.93 49.53 1.06 48.60 C1.19 47.68 1.46 46.77 1.85 45.90 C2.51 44.41 3.18 42.93 3.85 41.45 C4.51 39.97 5.18 38.49 5.85 37.01 C6.51 35.53 7.18 34.04 7.85 32.56 C8.51 31.08 9.18 29.60 9.85 28.12 C10.51 26.64 11.18 25.16 11.85 23.67 C12.51 22.19 13.18 20.71 13.85 19.23 C14.51 17.75 15.18 16.27 15.85 14.79 C16.51 13.30 17.18 11.82 17.85 10.34 C18.51 8.86 19.18 7.38 19.85 5.90 C20.38 4.70 21.14 3.65 22.05 2.77 C22.97 1.90 24.04 1.21 25.21 0.73 C26.38 0.26 27.65 0.00 28.97 0.00 C30.52 0.00 32.08 0.00 33.64 0.00 C35.20 0.00 36.76 0.00 38.31 0.00 C39.87 0.00 41.43 0.00 42.99 0.00 C44.55 0.00 46.10 0.00 47.66 0.00 Z
clover4	M50.00 25.93 C51.19 25.93 52.38 25.30 52.95 24.02 C53.67 22.40 54.39 20.78 55.11 19.16 C55.83 17.55 56.55 15.93 57.27 14.31 C57.99 12.69 58.71 11.07 59.44 9.46 C60.57 6.90 62.26 4.83 64.28 3.29 C66.30 1.74 68.64 0.72 71.09 0.27 C73.54 -0.18 76.10 -0.07 78.54 0.65 C80.97 1.37 83.29 2.70 85.27 4.67 C86.94 6.35 88.62 8.03 90.30 9.70 C91.97 11.38 93.65 13.06 95.33 14.73 C97.30 16.71 98.63 19.03 99.35 21.46 C100.07 23.90 100.18 26.46 99.73 28.91 C99.28 31.36 98.26 33.70 96.71 35.72 C95.17 37.74 93.10 39.43 90.54 40.56 C88.93 41.29 87.31 42.01 85.69 42.73 C84.07 43.45 82.45 44.17 80.84 44.89 C79.22 45.61 77.60 46.33 75.98 47.05 C74.70 47.62 74.07 48.81 74.07 50.00 C74.07 51.19 74.70 52.38 75.98 52.95 C77.60 53.67 79.22 54.39 80.84 55.11 C82.45 55.83 84.07 56.55 85.69 57.27 C87.31 57.99 88.93 58.71 90.54 59.44 C93.10 60.57 95.17 62.26 96.71 64.28 C98.26 66.30 99.28 68.64 99.73 71.09 C100.18 73.54 100.07 76.10 99.35 78.54 C98.63 80.97 97.30 83.29 95.33 85.27 C93.65 86.94 91.97 88.62 90.30 90.30 C88.62 91.97 86.94 93.65 85.27 95.33 C83.29 97.30 80.97 98.63 78.54 99.35 C76.10 100.07 73.54 100.18 71.09 99.73 C68.64 99.28 66.30 98.26 64.28 96.71 C62.26 95.17 60.57 93.10 59.44 90.54 C58.71 88.93 57.99 87.31 57.27 85.69 C56.55 84.07 55.83 82.45 55.11 80.84 C54.39 79.22 53.67 77.60 52.95 75.98 C52.38 74.70 51.19 74.07 50.00 74.07 C48.81 74.07 47.62 74.70 47.05 75.98 C46.33 77.60 45.61 79.22 44.89 80.84 C44.17 82.45 43.45 84.07 42.73 85.69 C42.01 87.31 41.29 88.93 40.56 90.54 C39.43 93.10 37.74 95.17 35.72 96.71 C33.70 98.26 31.36 99.28 28.91 99.73 C26.46 100.18 23.90 100.07 21.46 99.35 C19.03 98.63 16.71 97.30 14.73 95.33 C13.06 93.65 11.38 91.97 9.70 90.30 C8.03 88.62 6.35 86.94 4.67 85.27 C2.70 83.29 1.37 80.97 0.65 78.54 C-0.07 76.10 -0.18 73.54 0.27 71.09 C0.72 68.64 1.74 66.30 3.29 64.28 C4.83 62.26 6.90 60.57 9.46 59.44 C11.07 58.71 12.69 57.99 14.31 57.27 C15.93 56.55 17.55 55.83 19.16 55.11 C20.78 54.39 22.40 53.67 24.02 52.95 C25.30 52.38 25.93 51.19 25.93 50.00 C25.93 48.81 25.30 47.62 24.02 47.05 C22.40 46.33 20.78 45.61 19.16 44.89 C17.55 44.17 15.93 43.45 14.31 42.73 C12.69 42.01 11.07 41.29 9.46 40.56 C6.90 39.43 4.83 37.74 3.29 35.72 C1.74 33.70 0.72 31.36 0.27 28.91 C-0.18 26.46 -0.07 23.90 0.65 21.46 C1.37 19.03 2.70 16.71 4.67 14.73 C6.35 13.06 8.03 11.38 9.70 9.70 C11.38 8.03 13.06 6.35 14.73 4.67 C16.71 2.70 19.03 1.37 21.46 0.65 C23.90 -0.07 26.46 -0.18 28.91 0.27 C31.36 0.72 33.70 1.74 35.72 3.29 C37.74 4.83 39.43 6.90 40.56 9.46 C41.29 11.07 42.01 12.69 42.73 14.31 C43.45 15.93 44.17 17.55 44.89 19.16 C45.61 20.78 46.33 22.40 47.05 24.02 C47.62 25.30 48.81 25.93 50.00 25.93 Z
clover8	M49.76 0.00 C49.92 0.00 50.08 0.00 50.24 0.00 C53.17 0.00 55.85 1.13 57.85 2.99 C59.85 4.85 61.17 7.44 61.38 10.36 C61.51 12.12 61.63 13.88 61.76 15.64 C61.84 16.69 62.49 17.47 63.33 17.82 C64.17 18.16 65.19 18.07 65.98 17.39 C67.32 16.23 68.65 15.08 69.98 13.92 C72.20 12.01 74.96 11.11 77.69 11.21 C80.42 11.31 83.12 12.40 85.19 14.47 C85.30 14.59 85.41 14.70 85.53 14.81 C87.60 16.88 88.69 19.58 88.79 22.31 C88.89 25.04 87.99 27.80 86.08 30.02 C84.92 31.35 83.77 32.68 82.61 34.02 C81.93 34.81 81.84 35.83 82.18 36.67 C82.53 37.51 83.31 38.16 84.36 38.24 C86.12 38.37 87.88 38.49 89.64 38.62 C92.56 38.83 95.15 40.15 97.01 42.15 C98.87 44.15 100.00 46.83 100.00 49.76 C100.00 49.92 100.00 50.08 100.00 50.24 C100.00 53.17 98.87 55.85 97.01 57.85 C95.15 59.85 92.56 61.17 89.64 61.38 C87.88 61.51 86.12 61.63 84.36 61.76 C83.31 61.84 82.53 62.49 82.18 63.33 C81.84 64.17 81.93 65.19 82.61 65.98 C83.77 67.32 84.92 68.65 86.08 69.98 C87.99 72.20 88.89 74.96 88.79 77.69 C88.69 80.42 87.60 83.12 85.53 85.19 C85.41 85.30 85.30 85.41 85.19 85.53 C83.12 87.60 80.42 88.69 77.69 88.79 C74.96 88.89 72.20 87.99 69.98 86.08 C68.65 84.92 67.32 83.77 65.98 82.61 C65.19 81.93 64.17 81.84 63.33 82.18 C62.49 82.53 61.84 83.31 61.76 84.36 C61.63 86.12 61.51 87.88 61.38 89.64 C61.17 92.56 59.85 95.15 57.85 97.01 C55.85 98.87 53.17 100.00 50.24 100.00 C50.08 100.00 49.92 100.00 49.76 100.00 C46.83 100.00 44.15 98.87 42.15 97.01 C40.15 95.15 38.83 92.56 38.62 89.64 C38.49 87.88 38.37 86.12 38.24 84.36 C38.16 83.31 37.51 82.53 36.67 82.18 C35.83 81.84 34.81 81.93 34.02 82.61 C32.68 83.77 31.35 84.92 30.02 86.08 C27.80 87.99 25.04 88.89 22.31 88.79 C19.58 88.69 16.88 87.60 14.81 85.53 C14.70 85.41 14.59 85.30 14.47 85.19 C12.40 83.12 11.31 80.42 11.21 77.69 C11.11 74.96 12.01 72.20 13.92 69.98 C15.08 68.65 16.23 67.32 17.39 65.98 C18.07 65.19 18.16 64.17 17.82 63.33 C17.47 62.49 16.69 61.84 15.64 61.76 C13.88 61.63 12.12 61.51 10.36 61.38 C7.44 61.17 4.85 59.85 2.99 57.85 C1.13 55.85 0.00 53.17 0.00 50.24 C0.00 50.08 0.00 49.92 0.00 49.76 C0.00 46.83 1.13 44.15 2.99 42.15 C4.85 40.15 7.44 38.83 10.36 38.62 C12.12 38.49 13.88 38.37 15.64 38.24 C16.69 38.16 17.47 37.51 17.82 36.67 C18.16 35.83 18.07 34.81 17.39 34.02 C16.23 32.68 15.08 31.35 13.92 30.02 C12.01 27.80 11.11 25.04 11.21 22.31 C11.31 19.58 12.40 16.88 14.47 14.81 C14.59 14.70 14.70 14.59 14.81 14.47 C16.88 12.40 19.58 11.31 22.31 11.21 C25.04 11.11 27.80 12.01 30.02 13.92 C31.35 15.08 32.68 16.23 34.02 17.39 C34.81 18.07 35.83 18.16 36.67 17.82 C37.51 17.47 38.16 16.69 38.24 15.64 C38.37 13.88 38.49 12.12 38.62 10.36 C38.83 7.44 40.15 4.85 42.15 2.99 C44.15 1.13 46.83 0.00 49.76 0.00 Z
cookie12	M50.00 0.00 C51.99 0.00 53.99 0.57 55.73 1.72 C57.05 2.59 58.37 3.46 59.69 4.33 C60.39 4.79 61.16 5.13 61.96 5.35 C62.77 5.56 63.60 5.65 64.44 5.60 C66.02 5.51 67.60 5.41 69.18 5.32 C71.26 5.20 73.27 5.70 75.00 6.70 C76.73 7.70 78.17 9.19 79.10 11.05 C79.81 12.46 80.52 13.88 81.23 15.29 C81.61 16.04 82.10 16.73 82.69 17.31 C83.27 17.90 83.96 18.39 84.71 18.77 C86.12 19.48 87.54 20.19 88.95 20.90 C90.81 21.83 92.30 23.27 93.30 25.00 C94.30 26.73 94.80 28.74 94.68 30.82 C94.59 32.40 94.49 33.98 94.40 35.56 C94.35 36.40 94.44 37.23 94.65 38.04 C94.87 38.84 95.21 39.61 95.67 40.31 C96.54 41.63 97.41 42.95 98.28 44.27 C99.43 46.01 100.00 48.01 100.00 50.00 C100.00 51.99 99.43 53.99 98.28 55.73 C97.41 57.05 96.54 58.37 95.67 59.69 C95.21 60.39 94.87 61.16 94.65 61.96 C94.44 62.77 94.35 63.60 94.40 64.44 C94.49 66.02 94.59 67.60 94.68 69.18 C94.80 71.26 94.30 73.27 93.30 75.00 C92.30 76.73 90.81 78.17 88.95 79.10 C87.54 79.81 86.12 80.52 84.71 81.23 C83.96 81.61 83.27 82.10 82.69 82.69 C82.10 83.27 81.61 83.96 81.23 84.71 C80.52 86.12 79.81 87.54 79.10 88.95 C78.17 90.81 76.73 92.30 75.00 93.30 C73.27 94.30 71.26 94.80 69.18 94.68 C67.60 94.59 66.02 94.49 64.44 94.40 C63.60 94.35 62.77 94.44 61.96 94.65 C61.16 94.87 60.39 95.21 59.69 95.67 C58.37 96.54 57.05 97.41 55.73 98.28 C53.99 99.43 51.99 100.00 50.00 100.00 C48.01 100.00 46.01 99.43 44.27 98.28 C42.95 97.41 41.63 96.54 40.31 95.67 C39.61 95.21 38.84 94.87 38.04 94.65 C37.23 94.44 36.40 94.35 35.56 94.40 C33.98 94.49 32.40 94.59 30.82 94.68 C28.74 94.80 26.73 94.30 25.00 93.30 C23.27 92.30 21.83 90.81 20.90 88.95 C20.19 87.54 19.48 86.12 18.77 84.71 C18.39 83.96 17.90 83.27 17.31 82.69 C16.73 82.10 16.04 81.61 15.29 81.23 C13.88 80.52 12.46 79.81 11.05 79.10 C9.19 78.17 7.70 76.73 6.70 75.00 C5.70 73.27 5.20 71.26 5.32 69.18 C5.41 67.60 5.51 66.02 5.60 64.44 C5.65 63.60 5.56 62.77 5.35 61.96 C5.13 61.16 4.79 60.39 4.33 59.69 C3.46 58.37 2.59 57.05 1.72 55.73 C0.57 53.99 0.00 51.99 0.00 50.00 C0.00 48.01 0.57 46.01 1.72 44.27 C2.59 42.95 3.46 41.63 4.33 40.31 C4.79 39.61 5.13 38.84 5.35 38.04 C5.56 37.23 5.65 36.40 5.60 35.56 C5.51 33.98 5.41 32.40 5.32 30.82 C5.20 28.74 5.70 26.73 6.70 25.00 C7.70 23.27 9.19 21.83 11.05 20.90 C12.46 20.19 13.88 19.48 15.29 18.77 C16.04 18.39 16.73 17.90 17.31 17.31 C17.90 16.73 18.39 16.04 18.77 15.29 C19.48 13.88 20.19 12.46 20.90 11.05 C21.83 9.19 23.27 7.70 25.00 6.70 C26.73 5.70 28.74 5.20 30.82 5.32 C32.40 5.41 33.98 5.51 35.56 5.60 C36.40 5.65 37.23 5.56 38.04 5.35 C38.84 5.13 39.61 4.79 40.31 4.33 C41.63 3.46 42.95 2.59 44.27 1.72 C46.01 0.57 48.01 0.00 50.00 0.00 Z
cookie4	M47.66 0.12 C49.22 -0.04 50.78 -0.04 52.34 0.12 C53.90 0.28 55.44 0.59 56.95 1.07 C58.45 1.54 59.92 2.17 61.32 2.96 C62.73 3.75 64.07 4.70 65.32 5.81 C66.28 6.66 67.25 7.52 68.22 8.38 C69.19 9.24 70.16 10.10 71.13 10.95 C72.09 11.81 73.06 12.67 74.03 13.53 C75.00 14.38 75.97 15.24 76.94 16.10 C77.91 16.96 78.87 17.82 79.84 18.67 C80.37 19.14 80.86 19.63 81.33 20.16 C82.18 21.13 83.04 22.09 83.90 23.06 C84.76 24.03 85.62 25.00 86.47 25.97 C87.33 26.94 88.19 27.91 89.05 28.87 C89.90 29.84 90.76 30.81 91.62 31.78 C92.48 32.75 93.34 33.72 94.19 34.68 C95.30 35.93 96.25 37.27 97.04 38.68 C97.83 40.08 98.46 41.55 98.93 43.05 C99.41 44.56 99.72 46.10 99.88 47.66 C100.04 49.22 100.04 50.78 99.88 52.34 C99.72 53.90 99.41 55.44 98.93 56.95 C98.46 58.45 97.83 59.92 97.04 61.32 C96.25 62.73 95.30 64.07 94.19 65.32 C93.34 66.28 92.48 67.25 91.62 68.22 C90.76 69.19 89.90 70.16 89.05 71.13 C88.19 72.09 87.33 73.06 86.47 74.03 C85.62 75.00 84.76 75.97 83.90 76.94 C83.04 77.91 82.18 78.87 81.33 79.84 C80.86 80.37 80.37 80.86 79.84 81.33 C78.87 82.18 77.91 83.04 76.94 83.90 C75.97 84.76 75.00 85.62 74.03 86.47 C73.06 87.33 72.09 88.19 71.13 89.05 C70.16 89.90 69.19 90.76 68.22 91.62 C67.25 92.48 66.28 93.34 65.32 94.19 C64.07 95.30 62.73 96.25 61.32 97.04 C59.92 97.83 58.45 98.46 56.95 98.93 C55.44 99.41 53.90 99.72 52.34 99.88 C50.78 100.04 49.22 100.04 47.66 99.88 C46.10 99.72 44.56 99.41 43.05 98.93 C41.55 98.46 40.08 97.83 38.68 97.04 C37.27 96.25 35.93 95.30 34.68 94.19 C33.72 93.34 32.75 92.48 31.78 91.62 C30.81 90.76 29.84 89.90 28.87 89.05 C27.91 88.19 26.94 87.33 25.97 86.47 C25.00 85.62 24.03 84.76 23.06 83.90 C22.09 83.04 21.13 82.18 20.16 81.33 C19.63 80.86 19.14 80.37 18.67 79.84 C17.82 78.87 16.96 77.91 16.10 76.94 C15.24 75.97 14.38 75.00 13.53 74.03 C12.67 73.06 11.81 72.09 10.95 71.13 C10.10 70.16 9.24 69.19 8.38 68.22 C7.52 67.25 6.66 66.28 5.81 65.32 C4.70 64.07 3.75 62.73 2.96 61.32 C2.17 59.92 1.54 58.45 1.07 56.95 C0.59 55.44 0.28 53.90 0.12 52.34 C-0.04 50.78 -0.04 49.22 0.12 47.66 C0.28 46.10 0.59 44.56 1.07 43.05 C1.54 41.55 2.17 40.08 2.96 38.68 C3.75 37.27 4.70 35.93 5.81 34.68 C6.66 33.72 7.52 32.75 8.38 31.78 C9.24 30.81 10.10 29.84 10.95 28.87 C11.81 27.91 12.67 26.94 13.53 25.97 C14.38 25.00 15.24 24.03 16.10 23.06 C16.96 22.09 17.82 21.13 18.67 20.16 C19.14 19.63 19.63 19.14 20.16 18.67 C21.13 17.82 22.09 16.96 23.06 16.10 C24.03 15.24 25.00 14.38 25.97 13.53 C26.94 12.67 27.91 11.81 28.87 10.95 C29.84 10.10 30.81 9.24 31.78 8.38 C32.75 7.52 33.72 6.66 34.68 5.81 C35.93 4.70 37.27 3.75 38.68 2.96 C40.08 2.17 41.55 1.54 43.05 1.07 C44.56 0.59 46.10 0.28 47.66 0.12 Z
cookie6	M47.69 0.15 C49.22 -0.05 50.78 -0.05 52.31 0.15 C53.84 0.35 55.35 0.74 56.80 1.34 C58.26 1.93 59.65 2.72 60.94 3.71 C61.96 4.50 62.99 5.29 64.01 6.07 C65.03 6.86 66.06 7.65 67.08 8.43 C68.11 9.22 69.13 10.01 70.16 10.79 C71.30 11.67 72.55 12.39 73.88 12.94 C75.07 13.44 76.26 13.93 77.46 14.42 C78.65 14.92 79.84 15.41 81.04 15.90 C82.23 16.40 83.42 16.89 84.62 17.39 C86.12 18.01 87.50 18.82 88.74 19.78 C89.98 20.74 91.08 21.85 92.02 23.08 C92.96 24.30 93.73 25.65 94.33 27.07 C94.92 28.50 95.33 30.01 95.55 31.56 C95.76 33.12 95.77 34.72 95.55 36.33 C95.38 37.61 95.21 38.89 95.05 40.17 C94.88 41.45 94.71 42.73 94.54 44.01 C94.37 45.29 94.20 46.57 94.03 47.85 C93.84 49.28 93.84 50.72 94.03 52.15 C94.20 53.43 94.37 54.71 94.54 55.99 C94.71 57.27 94.88 58.55 95.05 59.83 C95.21 61.11 95.38 62.39 95.55 63.67 C95.77 65.28 95.76 66.88 95.55 68.44 C95.33 69.99 94.92 71.50 94.33 72.93 C93.73 74.35 92.96 75.70 92.02 76.92 C91.08 78.15 89.98 79.26 88.74 80.22 C87.50 81.18 86.12 81.99 84.62 82.61 C83.42 83.11 82.23 83.60 81.04 84.10 C79.84 84.59 78.65 85.08 77.46 85.58 C76.26 86.07 75.07 86.56 73.88 87.06 C72.55 87.61 71.30 88.33 70.16 89.21 C69.13 89.99 68.11 90.78 67.08 91.57 C66.06 92.35 65.03 93.14 64.01 93.93 C62.99 94.71 61.96 95.50 60.94 96.29 C59.65 97.28 58.26 98.07 56.80 98.66 C55.35 99.26 53.84 99.65 52.31 99.85 C50.78 100.05 49.22 100.05 47.69 99.85 C46.16 99.65 44.65 99.26 43.20 98.66 C41.74 98.07 40.35 97.28 39.06 96.29 C38.04 95.50 37.01 94.71 35.99 93.93 C34.97 93.14 33.94 92.35 32.92 91.57 C31.89 90.78 30.87 89.99 29.84 89.21 C28.70 88.33 27.45 87.61 26.12 87.06 C24.93 86.56 23.74 86.07 22.54 85.58 C21.35 85.08 20.16 84.59 18.96 84.10 C17.77 83.60 16.58 83.11 15.38 82.61 C13.88 81.99 12.50 81.18 11.26 80.22 C10.02 79.26 8.92 78.15 7.98 76.92 C7.04 75.70 6.27 74.35 5.67 72.93 C5.08 71.50 4.67 69.99 4.45 68.44 C4.24 66.88 4.23 65.28 4.45 63.67 C4.62 62.39 4.79 61.11 4.95 59.83 C5.12 58.55 5.29 57.27 5.46 55.99 C5.63 54.71 5.80 53.43 5.97 52.15 C6.16 50.72 6.16 49.28 5.97 47.85 C5.80 46.57 5.63 45.29 5.46 44.01 C5.29 42.73 5.12 41.45 4.95 40.17 C4.79 38.89 4.62 37.61 4.45 36.33 C4.23 34.72 4.24 33.12 4.45 31.56 C4.67 30.01 5.08 28.50 5.67 27.07 C6.27 25.65 7.04 24.30 7.98 23.08 C8.92 21.85 10.02 20.74 11.26 19.78 C12.50 18.82 13.88 18.01 15.38 17.39 C16.58 16.89 17.77 16.40 18.96 15.90 C20.16 15.41 21.35 14.92 22.54 14.42 C23.74 13.93 24.93 13.44 26.12 12.94 C27.45 12.39 28.70 11.67 29.84 10.79 C30.87 10.01 31.89 9.22 32.92 8.43 C33.94 7.65 34.97 6.86 35.99 6.07 C37.01 5.29 38.04 4.50 39.06 3.71 C40.35 2.72 41.74 1.93 43.20 1.34 C44.65 0.74 46.16 0.35 47.69 0.15 Z
cookie7	M50.00 0.84 C51.71 0.84 53.43 1.11 55.07 1.64 C56.72 2.17 58.30 2.97 59.75 4.04 C60.97 4.93 62.18 5.82 63.39 6.71 C64.61 7.60 65.82 8.49 67.03 9.38 C67.85 9.98 68.72 10.50 69.63 10.94 C70.54 11.38 71.49 11.73 72.47 12.00 C73.92 12.39 75.37 12.79 76.83 13.18 C78.28 13.57 79.73 13.97 81.19 14.36 C82.92 14.83 84.53 15.57 85.98 16.52 C87.42 17.48 88.70 18.65 89.77 19.99 C90.83 21.33 91.69 22.84 92.30 24.46 C92.91 26.08 93.28 27.81 93.35 29.61 C93.41 31.11 93.47 32.62 93.53 34.12 C93.59 35.62 93.65 37.13 93.71 38.63 C93.75 39.65 93.88 40.65 94.11 41.64 C94.33 42.62 94.65 43.58 95.05 44.52 C95.65 45.90 96.25 47.28 96.85 48.66 C97.44 50.04 98.04 51.42 98.64 52.80 C99.36 54.45 99.78 56.17 99.94 57.90 C100.09 59.62 99.97 61.35 99.59 63.02 C99.21 64.69 98.56 66.30 97.68 67.79 C96.79 69.28 95.66 70.64 94.30 71.82 C93.16 72.80 92.02 73.79 90.89 74.77 C89.75 75.76 88.61 76.74 87.47 77.73 C86.70 78.39 86.00 79.12 85.37 79.91 C84.74 80.70 84.18 81.55 83.71 82.44 C83.00 83.77 82.30 85.10 81.59 86.43 C80.88 87.76 80.18 89.09 79.47 90.42 C78.62 92.01 77.55 93.41 76.29 94.61 C75.04 95.80 73.61 96.78 72.07 97.53 C70.52 98.27 68.87 98.77 67.15 99.01 C65.44 99.24 63.66 99.21 61.89 98.88 C60.41 98.60 58.94 98.33 57.46 98.05 C55.98 97.78 54.50 97.50 53.02 97.22 C52.02 97.04 51.01 96.94 50.00 96.94 C48.99 96.94 47.98 97.04 46.98 97.22 C45.50 97.50 44.02 97.78 42.54 98.05 C41.06 98.33 39.59 98.60 38.11 98.88 C36.34 99.21 34.56 99.24 32.85 99.01 C31.13 98.77 29.48 98.27 27.93 97.53 C26.39 96.78 24.96 95.80 23.71 94.61 C22.45 93.41 21.38 92.01 20.53 90.42 C19.82 89.09 19.12 87.76 18.41 86.43 C17.70 85.10 17.00 83.77 16.29 82.44 C15.82 81.55 15.26 80.70 14.63 79.91 C14.00 79.12 13.30 78.39 12.53 77.73 C11.39 76.74 10.25 75.76 9.11 74.77 C7.98 73.79 6.84 72.80 5.70 71.82 C4.34 70.64 3.21 69.28 2.32 67.79 C1.44 66.30 0.79 64.69 0.41 63.02 C0.03 61.35 -0.09 59.62 0.06 57.90 C0.22 56.17 0.64 54.45 1.36 52.80 C1.96 51.42 2.56 50.04 3.15 48.66 C3.75 47.28 4.35 45.90 4.95 44.52 C5.35 43.58 5.67 42.62 5.89 41.64 C6.12 40.65 6.25 39.65 6.29 38.63 C6.35 37.13 6.41 35.62 6.47 34.12 C6.53 32.62 6.59 31.11 6.65 29.61 C6.72 27.81 7.09 26.08 7.70 24.46 C8.31 22.84 9.17 21.33 10.23 19.99 C11.30 18.65 12.58 17.48 14.02 16.52 C15.47 15.57 17.08 14.83 18.81 14.36 C19.78 14.10 20.75 13.83 21.72 13.57 C22.69 13.31 23.66 13.05 24.63 12.79 C25.59 12.52 26.56 12.26 27.53 12.00 C28.51 11.73 29.46 11.38 30.37 10.94 C31.28 10.50 32.15 9.98 32.97 9.38 C33.78 8.79 34.59 8.19 35.39 7.60 C36.20 7.01 37.01 6.41 37.82 5.82 C38.63 5.22 39.44 4.63 40.25 4.04 C41.70 2.97 43.28 2.17 44.93 1.64 C46.57 1.11 48.29 0.84 50.00 0.84 Z
cookie9	M47.29 0.82 C49.08 0.46 50.92 0.46 52.71 0.82 C54.49 1.18 56.22 1.90 57.78 2.98 C58.69 3.61 59.60 4.24 60.52 4.87 C61.43 5.50 62.34 6.13 63.25 6.77 C64.76 7.81 66.52 8.45 68.35 8.62 C69.46 8.73 70.56 8.83 71.67 8.93 C72.77 9.03 73.88 9.14 74.98 9.24 C76.87 9.41 78.66 9.97 80.26 10.85 C81.85 11.72 83.27 12.90 84.40 14.32 C85.54 15.75 86.40 17.41 86.90 19.24 C87.19 20.31 87.49 21.38 87.78 22.45 C88.07 23.52 88.36 24.59 88.66 25.66 C89.14 27.43 90.08 29.05 91.37 30.36 C92.15 31.15 92.93 31.94 93.71 32.73 C94.49 33.52 95.27 34.30 96.05 35.09 C97.39 36.44 98.40 38.02 99.06 39.71 C99.72 41.41 100.04 43.22 100.00 45.04 C99.96 46.86 99.55 48.69 98.75 50.42 C98.29 51.42 97.83 52.43 97.36 53.44 C96.90 54.45 96.44 55.45 95.97 56.46 C95.20 58.13 94.88 59.98 95.03 61.81 C95.12 62.91 95.21 64.02 95.30 65.13 C95.39 66.23 95.48 67.34 95.58 68.44 C95.73 70.33 95.49 72.19 94.91 73.92 C94.33 75.64 93.41 77.24 92.20 78.60 C91.00 79.97 89.51 81.11 87.80 81.92 C86.79 82.39 85.79 82.86 84.79 83.34 C83.78 83.81 82.78 84.29 81.78 84.76 C80.12 85.55 78.68 86.75 77.62 88.25 C76.98 89.16 76.34 90.06 75.70 90.97 C75.06 91.87 74.41 92.78 73.77 93.68 C72.68 95.23 71.30 96.50 69.74 97.45 C68.19 98.40 66.46 99.03 64.66 99.30 C62.86 99.57 60.99 99.49 59.15 99.00 C58.08 98.72 57.01 98.44 55.93 98.16 C54.86 97.88 53.79 97.60 52.72 97.32 C50.94 96.85 49.06 96.85 47.28 97.32 C46.21 97.60 45.14 97.88 44.07 98.16 C42.99 98.44 41.92 98.72 40.85 99.00 C39.01 99.49 37.14 99.57 35.34 99.30 C33.54 99.03 31.81 98.40 30.26 97.45 C28.70 96.50 27.32 95.23 26.23 93.68 C25.59 92.78 24.94 91.87 24.30 90.97 C23.66 90.06 23.02 89.16 22.38 88.25 C21.32 86.75 19.88 85.55 18.22 84.76 C17.22 84.29 16.22 83.81 15.21 83.34 C14.21 82.86 13.21 82.39 12.20 81.92 C10.49 81.11 9.00 79.97 7.80 78.60 C6.59 77.24 5.67 75.64 5.09 73.92 C4.51 72.19 4.27 70.33 4.42 68.44 C4.52 67.34 4.61 66.23 4.70 65.13 C4.79 64.02 4.88 62.91 4.97 61.81 C5.12 59.98 4.80 58.13 4.03 56.46 C3.56 55.45 3.10 54.45 2.64 53.44 C2.17 52.43 1.71 51.42 1.25 50.42 C0.45 48.69 0.04 46.86 0.00 45.04 C-0.04 43.22 0.28 41.41 0.94 39.71 C1.60 38.02 2.61 36.44 3.95 35.09 C4.73 34.30 5.51 33.52 6.29 32.73 C7.07 31.94 7.85 31.15 8.63 30.36 C9.92 29.05 10.86 27.43 11.34 25.66 C11.64 24.59 11.93 23.52 12.22 22.45 C12.51 21.38 12.81 20.31 13.10 19.24 C13.60 17.41 14.46 15.75 15.60 14.32 C16.73 12.90 18.15 11.72 19.74 10.85 C21.34 9.97 23.13 9.41 25.02 9.24 C26.12 9.14 27.23 9.03 28.33 8.93 C29.44 8.83 30.54 8.73 31.65 8.62 C33.48 8.45 35.24 7.81 36.75 6.77 C37.66 6.13 38.57 5.50 39.48 4.87 C40.40 4.24 41.31 3.61 42.22 2.98 C43.78 1.90 45.51 1.18 47.29 0.82 Z
diamond	M50.00 0.00 C51.10 0.00 52.20 0.16 53.26 0.47 C54.32 0.79 55.35 1.26 56.30 1.90 C57.24 2.53 58.12 3.32 58.88 4.27 C59.67 5.26 60.46 6.25 61.25 7.24 C62.05 8.23 62.84 9.22 63.63 10.21 C64.42 11.20 65.22 12.19 66.01 13.18 C66.80 14.17 67.59 15.16 68.39 16.15 C69.18 17.14 69.97 18.13 70.76 19.12 C71.56 20.12 72.35 21.11 73.14 22.10 C73.93 23.09 74.73 24.08 75.52 25.07 C76.31 26.06 77.10 27.05 77.90 28.04 C78.69 29.03 79.48 30.02 80.27 31.01 C81.07 32.00 81.86 32.99 82.65 33.98 C83.44 34.97 84.24 35.97 85.03 36.96 C85.82 37.95 86.61 38.94 87.41 39.93 C88.20 40.92 88.99 41.91 89.78 42.90 C90.61 43.94 91.24 45.08 91.65 46.29 C92.07 47.49 92.27 48.74 92.27 50.00 C92.27 51.26 92.07 52.51 91.65 53.71 C91.24 54.92 90.61 56.06 89.78 57.10 C88.99 58.09 88.20 59.08 87.41 60.07 C86.61 61.06 85.82 62.05 85.03 63.04 C84.24 64.03 83.44 65.03 82.65 66.02 C81.86 67.01 81.07 68.00 80.27 68.99 C79.48 69.98 78.69 70.97 77.90 71.96 C77.10 72.95 76.31 73.94 75.52 74.93 C74.73 75.92 73.93 76.91 73.14 77.90 C72.35 78.89 71.56 79.88 70.76 80.88 C69.97 81.87 69.18 82.86 68.39 83.85 C67.59 84.84 66.80 85.83 66.01 86.82 C65.22 87.81 64.42 88.80 63.63 89.79 C62.84 90.78 62.05 91.77 61.25 92.76 C60.46 93.75 59.67 94.74 58.88 95.73 C58.12 96.68 57.24 97.47 56.30 98.10 C55.35 98.74 54.32 99.21 53.26 99.53 C52.20 99.84 51.10 100.00 50.00 100.00 C48.90 100.00 47.80 99.84 46.74 99.53 C45.68 99.21 44.65 98.74 43.70 98.10 C42.76 97.47 41.88 96.68 41.12 95.73 C40.33 94.74 39.54 93.75 38.75 92.76 C37.95 91.77 37.16 90.78 36.37 89.79 C35.58 88.80 34.78 87.81 33.99 86.82 C33.20 85.83 32.41 84.84 31.61 83.85 C30.82 82.86 30.03 81.87 29.24 80.88 C28.44 79.88 27.65 78.89 26.86 77.90 C26.07 76.91 25.27 75.92 24.48 74.93 C23.69 73.94 22.90 72.95 22.10 71.96 C21.31 70.97 20.52 69.98 19.73 68.99 C18.93 68.00 18.14 67.01 17.35 66.02 C16.56 65.03 15.76 64.03 14.97 63.04 C14.18 62.05 13.39 61.06 12.59 60.07 C11.80 59.08 11.01 58.09 10.22 57.10 C9.39 56.06 8.76 54.92 8.35 53.71 C7.93 52.51 7.73 51.26 7.73 50.00 C7.73 48.74 7.93 47.49 8.35 46.29 C8.76 45.08 9.39 43.94 10.22 42.90 C11.01 41.91 11.80 40.92 12.59 39.93 C13.39 38.94 14.18 37.95 14.97 36.96 C15.76 35.97 16.56 34.97 17.35 33.98 C18.14 32.99 18.93 32.00 19.73 31.01 C20.52 30.02 21.31 29.03 22.10 28.04 C22.90 27.05 23.69 26.06 24.48 25.07 C25.27 24.08 26.07 23.09 26.86 22.10 C27.65 21.11 28.44 20.12 29.24 19.12 C30.03 18.13 30.82 17.14 31.61 16.15 C32.41 15.16 33.20 14.17 33.99 13.18 C34.78 12.19 35.58 11.20 36.37 10.21 C37.16 9.22 37.95 8.23 38.75 7.24 C39.54 6.25 40.33 5.26 41.12 4.27 C41.88 3.32 42.76 2.53 43.70 1.90 C44.65 1.26 45.68 0.79 46.74 0.47 C47.80 0.16 48.90 0.00 50.00 0.00 Z
fan	M50.00 0.00 C51.67 0.00 53.33 0.00 55.00 0.00 C56.67 0.00 58.33 0.00 60.00 0.00 C61.67 0.00 63.33 0.00 65.00 0.00 C66.67 0.00 68.33 0.00 70.00 0.00 C71.67 0.00 73.33 0.00 75.00 0.00 C76.67 0.00 78.33 0.00 80.00 0.00 C81.67 0.00 83.33 0.00 85.00 0.00 C86.67 0.00 88.33 0.00 90.00 0.00 C91.38 0.00 92.70 0.28 93.89 0.79 C95.09 1.29 96.17 2.02 97.07 2.93 C97.98 3.83 98.71 4.91 99.21 6.11 C99.72 7.30 100.00 8.62 100.00 10.00 C100.00 11.78 100.00 13.56 100.00 15.33 C100.00 17.11 100.00 18.89 100.00 20.67 C100.00 22.44 100.00 24.22 100.00 26.00 C100.00 27.78 100.00 29.56 100.00 31.33 C100.00 33.11 100.00 34.89 100.00 36.67 C100.00 38.44 100.00 40.22 100.00 42.00 C100.00 43.78 100.00 45.56 100.00 47.33 C100.00 49.11 100.00 50.89 100.00 52.67 C100.00 54.44 100.00 56.22 100.00 58.00 C100.00 59.78 100.00 61.56 100.00 63.33 C100.00 65.11 100.00 66.89 100.00 68.67 C100.00 70.44 100.00 72.22 100.00 74.00 C100.00 75.78 100.00 77.56 100.00 79.33 C100.00 81.11 100.00 82.89 100.00 84.67 C100.00 86.44 100.00 88.22 100.00 90.00 C100.00 91.38 99.72 92.70 99.21 93.89 C98.71 95.09 97.98 96.17 97.07 97.07 C96.17 97.98 95.09 98.71 93.89 99.21 C92.70 99.72 91.38 100.00 90.00 100.00 C88.22 100.00 86.44 100.00 84.67 100.00 C82.89 100.00 81.11 100.00 79.33 100.00 C77.56 100.00 75.78 100.00 74.00 100.00 C72.22 100.00 70.44 100.00 68.67 100.00 C66.89 100.00 65.11 100.00 63.33 100.00 C61.56 100.00 59.78 100.00 58.00 100.00 C56.22 100.00 54.44 100.00 52.67 100.00 C50.89 100.00 49.11 100.00 47.33 100.00 C45.56 100.00 43.78 100.00 42.00 100.00 C40.22 100.00 38.44 100.00 36.67 100.00 C34.89 100.00 33.11 100.00 31.33 100.00 C29.56 100.00 27.78 100.00 26.00 100.00 C24.22 100.00 22.44 100.00 20.67 100.00 C18.89 100.00 17.11 100.00 15.33 100.00 C13.56 100.00 11.78 100.00 10.00 100.00 C8.62 100.00 7.30 99.72 6.11 99.21 C4.91 98.71 3.83 97.98 2.93 97.07 C2.02 96.17 1.29 95.09 0.79 93.89 C0.28 92.70 0.00 91.38 0.00 90.00 C0.00 88.33 0.00 86.67 0.00 85.00 C0.00 83.33 0.00 81.67 0.00 80.00 C0.00 78.33 0.00 76.67 0.00 75.00 C0.00 73.33 0.00 71.67 0.00 70.00 C0.00 68.33 0.00 66.67 0.00 65.00 C0.00 63.33 0.00 61.67 0.00 60.00 C0.00 58.33 0.00 56.67 0.00 55.00 C0.00 53.33 0.00 51.67 0.00 50.00 C0.00 48.03 0.11 46.08 0.34 44.17 C0.56 42.26 0.89 40.38 1.32 38.54 C1.75 36.69 2.29 34.89 2.91 33.14 C3.54 31.38 4.27 29.67 5.08 28.01 C5.90 26.35 6.80 24.74 7.78 23.20 C8.77 21.65 9.84 20.15 10.98 18.73 C12.13 17.30 13.35 15.94 14.64 14.64 C15.94 13.35 17.30 12.13 18.73 10.98 C20.15 9.84 21.65 8.77 23.20 7.78 C24.74 6.80 26.35 5.90 28.01 5.08 C29.67 4.27 31.38 3.54 33.14 2.91 C34.89 2.29 36.69 1.75 38.54 1.32 C40.38 0.89 42.26 0.56 44.17 0.34 C46.08 0.11 48.03 0.00 50.00 0.00 Z
flower	M47.37 0.46 C49.06 -0.15 50.94 -0.15 52.63 0.46 C54.32 1.07 55.83 2.30 56.78 4.13 C57.52 5.58 58.27 7.04 59.02 8.49 C59.77 9.94 60.52 11.39 61.26 12.84 C61.92 14.12 63.00 15.07 64.25 15.59 C65.51 16.11 66.94 16.20 68.31 15.76 C69.86 15.26 71.42 14.77 72.98 14.27 C74.53 13.77 76.09 13.27 77.64 12.77 C79.61 12.15 81.54 12.34 83.17 13.11 C84.80 13.87 86.13 15.20 86.89 16.83 C87.66 18.46 87.85 20.39 87.23 22.36 C86.73 23.91 86.23 25.47 85.73 27.02 C85.23 28.58 84.74 30.14 84.24 31.69 C83.80 33.06 83.89 34.49 84.41 35.75 C84.93 37.00 85.88 38.08 87.16 38.74 C88.61 39.48 90.06 40.23 91.51 40.98 C92.96 41.73 94.42 42.48 95.87 43.22 C97.70 44.17 98.93 45.68 99.54 47.37 C100.15 49.06 100.15 50.94 99.54 52.63 C98.93 54.32 97.70 55.83 95.87 56.78 C94.42 57.52 92.96 58.27 91.51 59.02 C90.06 59.77 88.61 60.52 87.16 61.26 C85.88 61.92 84.93 63.00 84.41 64.25 C83.89 65.51 83.80 66.94 84.24 68.31 C84.74 69.86 85.23 71.42 85.73 72.98 C86.23 74.53 86.73 76.09 87.23 77.64 C87.85 79.61 87.66 81.54 86.89 83.17 C86.13 84.80 84.80 86.13 83.17 86.89 C81.54 87.66 79.61 87.85 77.64 87.23 C76.09 86.73 74.53 86.23 72.98 85.73 C71.42 85.23 69.86 84.74 68.31 84.24 C66.94 83.80 65.51 83.89 64.25 84.41 C63.00 84.93 61.92 85.88 61.26 87.16 C60.52 88.61 59.77 90.06 59.02 91.51 C58.27 92.96 57.52 94.42 56.78 95.87 C55.83 97.70 54.32 98.93 52.63 99.54 C50.94 100.15 49.06 100.15 47.37 99.54 C45.68 98.93 44.17 97.70 43.22 95.87 C42.48 94.42 41.73 92.96 40.98 91.51 C40.23 90.06 39.48 88.61 38.74 87.16 C38.08 85.88 37.00 84.93 35.75 84.41 C34.49 83.89 33.06 83.80 31.69 84.24 C30.14 84.74 28.58 85.23 27.02 85.73 C25.47 86.23 23.91 86.73 22.36 87.23 C20.39 87.85 18.46 87.66 16.83 86.89 C15.20 86.13 13.87 84.80 13.11 83.17 C12.34 81.54 12.15 79.61 12.77 77.64 C13.27 76.09 13.77 74.53 14.27 72.98 C14.77 71.42 15.26 69.86 15.76 68.31 C16.20 66.94 16.11 65.51 15.59 64.25 C15.07 63.00 14.12 61.92 12.84 61.26 C11.39 60.52 9.94 59.77 8.49 59.02 C7.04 58.27 5.58 57.52 4.13 56.78 C2.30 55.83 1.07 54.32 0.46 52.63 C-0.15 50.94 -0.15 49.06 0.46 47.37 C1.07 45.68 2.30 44.17 4.13 43.22 C5.58 42.48 7.04 41.73 8.49 40.98 C9.94 40.23 11.39 39.48 12.84 38.74 C14.12 38.08 15.07 37.00 15.59 35.75 C16.11 34.49 16.20 33.06 15.76 31.69 C15.26 30.14 14.77 28.58 14.27 27.02 C13.77 25.47 13.27 23.91 12.77 22.36 C12.15 20.39 12.34 18.46 13.11 16.83 C13.87 15.20 15.20 13.87 16.83 13.11 C18.46 12.34 20.39 12.15 22.36 12.77 C23.91 13.27 25.47 13.77 27.02 14.27 C28.58 14.77 30.14 15.26 31.69 15.76 C33.06 16.20 34.49 16.11 35.75 15.59 C37.00 15.07 38.08 14.12 38.74 12.84 C39.48 11.39 40.23 9.94 40.98 8.49 C41.73 7.04 42.48 5.58 43.22 4.13 C44.17 2.30 45.68 1.07 47.37 0.46 Z
gem	M52.17 1.79 C53.61 1.79 55.06 1.79 56.50 1.79 C57.95 1.79 59.39 1.79 60.84 1.79 C62.28 1.79 63.73 1.79 65.18 1.79 C66.62 1.79 68.07 1.79 69.51 1.79 C70.62 1.79 71.72 1.93 72.77 2.20 C73.83 2.47 74.84 2.86 75.80 3.37 C76.75 3.88 77.64 4.51 78.45 5.24 C79.25 5.97 79.98 6.80 80.59 7.73 C81.41 8.95 82.23 10.18 83.05 11.41 C83.86 12.63 84.68 13.86 85.50 15.08 C86.32 16.31 87.13 17.54 87.95 18.76 C88.77 19.99 89.59 21.22 90.41 22.44 C91.22 23.67 92.04 24.90 92.86 26.12 C93.68 27.35 94.49 28.57 95.31 29.80 C96.13 31.03 96.95 32.25 97.76 33.48 C98.42 34.46 98.93 35.51 99.29 36.58 C99.66 37.66 99.88 38.78 99.97 39.90 C100.05 41.02 99.99 42.14 99.79 43.25 C99.59 44.35 99.25 45.44 98.77 46.47 C98.29 47.51 97.67 48.49 96.91 49.40 C95.97 50.52 95.03 51.65 94.09 52.78 C93.15 53.91 92.21 55.04 91.27 56.17 C90.33 57.30 89.39 58.42 88.45 59.55 C87.51 60.68 86.57 61.81 85.63 62.94 C84.69 64.07 83.75 65.20 82.81 66.33 C81.86 67.45 80.92 68.58 79.98 69.71 C79.04 70.84 78.10 71.97 77.16 73.10 C76.22 74.23 75.28 75.35 74.34 76.48 C73.40 77.61 72.46 78.74 71.52 79.87 C70.58 81.00 69.64 82.13 68.70 83.25 C67.76 84.38 66.82 85.51 65.88 86.64 C64.94 87.77 63.99 88.90 63.05 90.03 C62.11 91.16 61.17 92.28 60.23 93.41 C59.34 94.48 58.33 95.37 57.24 96.08 C56.14 96.79 54.96 97.32 53.74 97.67 C52.52 98.03 51.26 98.21 50.00 98.21 C48.74 98.21 47.48 98.03 46.26 97.67 C45.04 97.32 43.86 96.79 42.76 96.08 C41.67 95.37 40.65 94.48 39.77 93.41 C38.83 92.28 37.89 91.16 36.95 90.03 C36.00 88.90 35.06 87.77 34.12 86.64 C33.18 85.51 32.24 84.38 31.30 83.25 C30.36 82.13 29.42 81.00 28.48 79.87 C27.54 78.74 26.60 77.61 25.66 76.48 C24.72 75.35 23.78 74.23 22.84 73.10 C21.90 71.97 20.96 70.84 20.02 69.71 C19.08 68.58 18.13 67.45 17.19 66.33 C16.25 65.20 15.31 64.07 14.37 62.94 C13.43 61.81 12.49 60.68 11.55 59.55 C10.61 58.42 9.67 57.30 8.73 56.17 C7.79 55.04 6.85 53.91 5.91 52.78 C4.97 51.65 4.03 50.52 3.09 49.40 C2.14 48.26 1.41 47.01 0.90 45.69 C0.39 44.37 0.09 42.98 0.02 41.58 C-0.06 40.18 0.09 38.77 0.46 37.40 C0.83 36.03 1.42 34.71 2.24 33.48 C3.05 32.25 3.87 31.03 4.69 29.80 C5.51 28.57 6.32 27.35 7.14 26.12 C7.96 24.90 8.78 23.67 9.59 22.44 C10.41 21.22 11.23 19.99 12.05 18.76 C12.86 17.54 13.68 16.31 14.50 15.08 C15.32 13.86 16.13 12.63 16.95 11.41 C17.77 10.18 18.59 8.95 19.40 7.73 C20.02 6.80 20.75 5.97 21.55 5.24 C22.36 4.51 23.25 3.88 24.20 3.37 C25.16 2.86 26.17 2.47 27.22 2.20 C28.28 1.93 29.37 1.79 30.49 1.79 C31.93 1.79 33.38 1.79 34.82 1.79 C36.27 1.79 37.71 1.79 39.16 1.79 C40.61 1.79 42.05 1.79 43.50 1.79 C44.94 1.79 46.39 1.79 47.83 1.79 C49.28 1.79 50.72 1.79 52.17 1.79 Z
heart	M50.00 20.75 C50.94 19.81 51.89 18.86 52.83 17.92 C53.78 16.97 54.72 16.03 55.67 15.08 C56.61 14.14 57.56 13.19 58.50 12.25 C59.45 11.30 60.39 10.36 61.33 9.42 C62.28 8.47 63.22 7.53 64.17 6.58 C65.24 5.51 66.41 4.61 67.65 3.87 C68.90 3.13 70.20 2.57 71.55 2.16 C72.90 1.76 74.28 1.53 75.67 1.45 C77.05 1.38 78.45 1.47 79.81 1.72 C81.18 1.97 82.52 2.39 83.80 2.96 C85.09 3.53 86.31 4.27 87.45 5.16 C88.58 6.05 89.63 7.09 90.55 8.30 C91.25 9.20 91.94 10.10 92.63 11.00 C93.33 11.90 94.02 12.80 94.71 13.70 C95.72 15.01 96.58 16.39 97.30 17.83 C98.02 19.26 98.60 20.75 99.03 22.27 C99.46 23.79 99.75 25.34 99.89 26.90 C100.04 28.46 100.04 30.04 99.89 31.60 C99.75 33.16 99.46 34.71 99.03 36.23 C98.60 37.75 98.02 39.24 97.30 40.67 C96.58 42.11 95.72 43.49 94.71 44.80 C93.70 46.11 92.69 47.42 91.69 48.73 C90.68 50.04 89.67 51.35 88.66 52.66 C87.65 53.97 86.65 55.29 85.64 56.60 C84.63 57.91 83.62 59.22 82.61 60.53 C81.60 61.84 80.60 63.15 79.59 64.46 C78.58 65.77 77.57 67.08 76.56 68.39 C75.55 69.70 74.55 71.01 73.54 72.32 C72.53 73.64 71.52 74.95 70.51 76.26 C69.51 77.57 68.50 78.88 67.49 80.19 C66.48 81.50 65.47 82.81 64.46 84.12 C63.46 85.43 62.45 86.74 61.44 88.05 C60.43 89.36 59.42 90.67 58.42 91.98 C57.41 93.30 56.40 94.61 55.39 95.92 C54.71 96.80 53.87 97.47 52.94 97.91 C52.01 98.35 51.01 98.57 50.00 98.57 C48.99 98.57 47.99 98.35 47.06 97.91 C46.13 97.47 45.29 96.80 44.61 95.92 C43.60 94.61 42.59 93.30 41.58 91.98 C40.58 90.67 39.57 89.36 38.56 88.05 C37.55 86.74 36.54 85.43 35.54 84.12 C34.53 82.81 33.52 81.50 32.51 80.19 C31.50 78.88 30.49 77.57 29.49 76.26 C28.48 74.95 27.47 73.64 26.46 72.32 C25.45 71.01 24.45 69.70 23.44 68.39 C22.43 67.08 21.42 65.77 20.41 64.46 C19.40 63.15 18.40 61.84 17.39 60.53 C16.38 59.22 15.37 57.91 14.36 56.60 C13.35 55.29 12.35 53.97 11.34 52.66 C10.33 51.35 9.32 50.04 8.31 48.73 C7.31 47.42 6.30 46.11 5.29 44.80 C4.28 43.49 3.42 42.11 2.70 40.67 C1.98 39.24 1.40 37.75 0.97 36.23 C0.54 34.71 0.25 33.16 0.11 31.60 C-0.04 30.04 -0.04 28.46 0.11 26.90 C0.25 25.34 0.54 23.79 0.97 22.27 C1.40 20.75 1.98 19.26 2.70 17.83 C3.42 16.39 4.28 15.01 5.29 13.70 C5.98 12.80 6.67 11.90 7.37 11.00 C8.06 10.10 8.75 9.20 9.45 8.30 C10.37 7.09 11.42 6.05 12.55 5.16 C13.69 4.27 14.91 3.53 16.20 2.96 C17.48 2.39 18.82 1.97 20.19 1.72 C21.55 1.47 22.95 1.38 24.33 1.45 C25.72 1.53 27.10 1.76 28.45 2.16 C29.80 2.57 31.10 3.13 32.35 3.87 C33.59 4.61 34.76 5.51 35.83 6.58 C36.78 7.53 37.72 8.47 38.67 9.42 C39.61 10.36 40.55 11.30 41.50 12.25 C42.44 13.19 43.39 14.14 44.33 15.08 C45.28 16.03 46.22 16.97 47.17 17.92 C48.11 18.86 49.06 19.81 50.00 20.75 Z
oval	M49.98 2.65 C51.39 3.09 52.79 3.56 54.16 4.08 C55.54 4.60 56.89 5.16 58.22 5.76 C59.55 6.36 60.87 7.00 62.15 7.67 C63.44 8.35 64.70 9.06 65.94 9.81 C67.18 10.56 68.40 11.35 69.58 12.17 C70.77 12.99 71.94 13.85 73.07 14.74 C74.20 15.63 75.31 16.55 76.39 17.51 C77.47 18.46 78.51 19.45 79.53 20.47 C80.55 21.49 81.54 22.53 82.49 23.61 C83.45 24.69 84.37 25.80 85.26 26.93 C86.15 28.06 87.01 29.23 87.83 30.42 C88.65 31.60 89.44 32.82 90.19 34.06 C90.94 35.30 91.65 36.56 92.33 37.85 C93.00 39.13 93.64 40.45 94.24 41.78 C94.84 43.11 95.40 44.46 95.92 45.84 C96.44 47.21 96.91 48.61 97.35 50.02 C97.79 51.44 98.18 52.87 98.53 54.32 C98.88 55.77 99.19 57.24 99.45 58.73 C99.72 60.23 99.88 61.72 99.96 63.19 C100.03 64.66 100.01 66.12 99.90 67.55 C99.80 68.98 99.60 70.39 99.33 71.77 C99.05 73.15 98.69 74.50 98.26 75.82 C97.82 77.14 97.31 78.43 96.72 79.67 C96.14 80.92 95.49 82.13 94.76 83.29 C94.04 84.45 93.26 85.57 92.41 86.64 C91.56 87.71 90.65 88.73 89.69 89.69 C88.73 90.65 87.71 91.56 86.64 92.41 C85.57 93.26 84.45 94.04 83.29 94.76 C82.13 95.49 80.92 96.14 79.67 96.72 C78.43 97.31 77.14 97.82 75.82 98.26 C74.50 98.69 73.15 99.05 71.77 99.33 C70.39 99.60 68.98 99.80 67.55 99.90 C66.12 100.01 64.66 100.03 63.19 99.96 C61.72 99.88 60.23 99.72 58.73 99.45 C57.24 99.19 55.77 98.88 54.32 98.53 C52.87 98.18 51.44 97.79 50.02 97.35 C48.61 96.91 47.21 96.44 45.84 95.92 C44.46 95.40 43.11 94.84 41.78 94.24 C40.45 93.64 39.13 93.00 37.85 92.33 C36.56 91.65 35.30 90.94 34.06 90.19 C32.82 89.44 31.60 88.65 30.42 87.83 C29.23 87.01 28.06 86.15 26.93 85.26 C25.80 84.37 24.69 83.45 23.61 82.49 C22.53 81.54 21.49 80.55 20.47 79.53 C19.45 78.51 18.46 77.47 17.51 76.39 C16.55 75.31 15.63 74.20 14.74 73.07 C13.85 71.94 12.99 70.77 12.17 69.58 C11.35 68.40 10.56 67.18 9.81 65.94 C9.06 64.70 8.35 63.44 7.67 62.15 C7.00 60.87 6.36 59.55 5.76 58.22 C5.16 56.89 4.60 55.54 4.08 54.16 C3.56 52.79 3.09 51.39 2.65 49.98 C2.21 48.56 1.82 47.13 1.47 45.68 C1.12 44.23 0.81 42.76 0.55 41.27 C0.28 39.77 0.12 38.28 0.04 36.81 C-0.03 35.34 -0.01 33.88 0.10 32.45 C0.20 31.02 0.40 29.61 0.67 28.23 C0.95 26.85 1.31 25.50 1.74 24.18 C2.18 22.86 2.69 21.57 3.28 20.33 C3.86 19.08 4.51 17.87 5.24 16.71 C5.96 15.55 6.74 14.43 7.59 13.36 C8.44 12.29 9.35 11.27 10.31 10.31 C11.27 9.35 12.29 8.44 13.36 7.59 C14.43 6.74 15.55 5.96 16.71 5.24 C17.87 4.51 19.08 3.86 20.33 3.28 C21.57 2.69 22.86 2.18 24.18 1.74 C25.50 1.31 26.85 0.95 28.23 0.67 C29.61 0.40 31.02 0.20 32.45 0.10 C33.88 -0.01 35.34 -0.03 36.81 0.04 C38.28 0.12 39.77 0.28 41.27 0.55 C42.76 0.81 44.23 1.12 45.68 1.47 C47.13 1.82 48.56 2.21 49.98 2.65 Z
pentagon	M50.00 1.91 C51.13 1.91 52.25 2.09 53.34 2.43 C54.42 2.78 55.46 3.30 56.42 4.00 C57.72 4.95 59.02 5.89 60.33 6.84 C61.63 7.78 62.93 8.73 64.23 9.68 C65.54 10.62 66.84 11.57 68.14 12.52 C69.44 13.46 70.75 14.41 72.05 15.36 C73.35 16.30 74.66 17.25 75.96 18.20 C77.26 19.14 78.56 20.09 79.87 21.04 C81.17 21.98 82.47 22.93 83.77 23.87 C85.08 24.82 86.38 25.77 87.68 26.71 C88.99 27.66 90.29 28.61 91.59 29.55 C92.89 30.50 94.20 31.45 95.50 32.39 C96.46 33.09 97.27 33.92 97.94 34.84 C98.60 35.76 99.12 36.78 99.46 37.85 C99.81 38.92 100.00 40.05 100.00 41.19 C100.00 42.32 99.83 43.47 99.46 44.60 C98.97 46.13 98.47 47.66 97.97 49.19 C97.47 50.73 96.98 52.26 96.48 53.79 C95.98 55.32 95.48 56.85 94.99 58.38 C94.49 59.91 93.99 61.45 93.49 62.98 C93.00 64.51 92.50 66.04 92.00 67.57 C91.50 69.10 91.01 70.63 90.51 72.17 C90.01 73.70 89.51 75.23 89.02 76.76 C88.52 78.29 88.02 79.82 87.52 81.35 C87.03 82.89 86.53 84.42 86.03 85.95 C85.53 87.48 85.03 89.01 84.54 90.54 C84.17 91.67 83.64 92.70 82.96 93.62 C82.29 94.54 81.48 95.34 80.57 96.00 C79.66 96.66 78.65 97.18 77.57 97.54 C76.49 97.90 75.34 98.09 74.15 98.09 C72.54 98.09 70.93 98.09 69.32 98.09 C67.71 98.09 66.10 98.09 64.49 98.09 C62.88 98.09 61.27 98.09 59.66 98.09 C58.05 98.09 56.44 98.09 54.83 98.09 C53.22 98.09 51.61 98.09 50.00 98.09 C48.39 98.09 46.78 98.09 45.17 98.09 C43.56 98.09 41.95 98.09 40.34 98.09 C38.73 98.09 37.12 98.09 35.51 98.09 C33.90 98.09 32.29 98.09 30.68 98.09 C29.07 98.09 27.46 98.09 25.85 98.09 C24.66 98.09 23.51 97.90 22.43 97.54 C21.35 97.18 20.34 96.66 19.43 96.00 C18.52 95.34 17.71 94.54 17.04 93.62 C16.36 92.70 15.83 91.67 15.46 90.54 C15.01 89.15 14.56 87.76 14.11 86.37 C13.65 84.97 13.20 83.58 12.75 82.19 C12.30 80.80 11.84 79.40 11.39 78.01 C10.94 76.62 10.49 75.23 10.03 73.84 C9.58 72.44 9.13 71.05 8.68 69.66 C8.23 68.27 7.77 66.87 7.32 65.48 C6.87 64.09 6.42 62.70 5.96 61.31 C5.51 59.91 5.06 58.52 4.61 57.13 C4.15 55.74 3.70 54.34 3.25 52.95 C2.80 51.56 2.34 50.17 1.89 48.78 C1.44 47.38 0.99 45.99 0.54 44.60 C0.17 43.47 -0.00 42.32 0.00 41.19 C0.00 40.05 0.19 38.92 0.54 37.85 C0.88 36.78 1.40 35.76 2.06 34.84 C2.73 33.92 3.54 33.09 4.50 32.39 C5.69 31.53 6.87 30.67 8.05 29.81 C9.24 28.95 10.42 28.09 11.61 27.23 C12.79 26.37 13.98 25.51 15.16 24.65 C16.34 23.79 17.53 22.93 18.71 22.07 C19.90 21.21 21.08 20.35 22.27 19.49 C23.45 18.63 24.63 17.77 25.82 16.91 C27.00 16.04 28.19 15.18 29.37 14.32 C30.56 13.46 31.74 12.60 32.92 11.74 C34.11 10.88 35.29 10.02 36.48 9.16 C37.66 8.30 38.85 7.44 40.03 6.58 C41.21 5.72 42.40 4.86 43.58 4.00 C44.54 3.30 45.58 2.78 46.66 2.43 C47.75 2.09 48.87 1.91 50.00 1.91 Z
pill	M50.00 22.50 C51.25 22.50 52.50 22.50 53.75 22.50 C55.00 22.50 56.25 22.50 57.50 22.50 C58.75 22.50 60.00 22.50 61.25 22.50 C62.50 22.50 63.75 22.50 65.00 22.50 C66.25 22.50 67.50 22.50 68.75 22.50 C70.00 22.50 71.25 22.50 72.50 22.50 C73.77 22.50 75.01 22.59 76.23 22.75 C77.45 22.92 78.65 23.16 79.81 23.48 C80.97 23.80 82.11 24.20 83.20 24.66 C84.30 25.12 85.36 25.66 86.38 26.25 C87.40 26.85 88.37 27.51 89.30 28.23 C90.23 28.95 91.12 29.73 91.95 30.55 C92.77 31.38 93.55 32.27 94.27 33.20 C94.99 34.13 95.65 35.10 96.25 36.12 C96.84 37.14 97.38 38.20 97.84 39.30 C98.30 40.39 98.70 41.53 99.02 42.69 C99.34 43.85 99.58 45.05 99.75 46.27 C99.91 47.49 100.00 48.73 100.00 50.00 C100.00 51.27 99.91 52.51 99.75 53.73 C99.58 54.95 99.34 56.15 99.02 57.31 C98.70 58.47 98.30 59.61 97.84 60.70 C97.38 61.80 96.84 62.86 96.25 63.88 C95.65 64.90 94.99 65.87 94.27 66.80 C93.55 67.73 92.77 68.62 91.95 69.45 C91.12 70.27 90.23 71.05 89.30 71.77 C88.37 72.49 87.40 73.15 86.38 73.75 C85.36 74.34 84.30 74.88 83.20 75.34 C82.11 75.80 80.97 76.20 79.81 76.52 C78.65 76.84 77.45 77.08 76.23 77.25 C75.01 77.41 73.77 77.50 72.50 77.50 C71.25 77.50 70.00 77.50 68.75 77.50 C67.50 77.50 66.25 77.50 65.00 77.50 C63.75 77.50 62.50 77.50 61.25 77.50 C60.00 77.50 58.75 77.50 57.50 77.50 C56.25 77.50 55.00 77.50 53.75 77.50 C52.50 77.50 51.25 77.50 50.00 77.50 C48.75 77.50 47.50 77.50 46.25 77.50 C45.00 77.50 43.75 77.50 42.50 77.50 C41.25 77.50 40.00 77.50 38.75 77.50 C37.50 77.50 36.25 77.50 35.00 77.50 C33.75 77.50 32.50 77.50 31.25 77.50 C30.00 77.50 28.75 77.50 27.50 77.50 C26.23 77.50 24.99 77.41 23.77 77.25 C22.55 77.08 21.35 76.84 20.19 76.52 C19.03 76.20 17.89 75.80 16.80 75.34 C15.70 74.88 14.64 74.34 13.62 73.75 C12.60 73.15 11.63 72.49 10.70 71.77 C9.77 71.05 8.88 70.27 8.05 69.45 C7.23 68.62 6.45 67.73 5.73 66.80 C5.01 65.87 4.35 64.90 3.75 63.88 C3.16 62.86 2.62 61.80 2.16 60.70 C1.70 59.61 1.30 58.47 0.98 57.31 C0.66 56.15 0.42 54.95 0.25 53.73 C0.09 52.51 0.00 51.27 0.00 50.00 C0.00 48.73 0.09 47.49 0.25 46.27 C0.42 45.05 0.66 43.85 0.98 42.69 C1.30 41.53 1.70 40.39 2.16 39.30 C2.62 38.20 3.16 37.14 3.75 36.12 C4.35 35.10 5.01 34.13 5.73 33.20 C6.45 32.27 7.23 31.38 8.05 30.55 C8.88 29.73 9.77 28.95 10.70 28.23 C11.63 27.51 12.60 26.85 13.62 26.25 C14.64 25.66 15.70 25.12 16.80 24.66 C17.89 24.20 19.03 23.80 20.19 23.48 C21.35 23.16 22.55 22.92 23.77 22.75 C24.99 22.59 26.23 22.50 27.50 22.50 C28.75 22.50 30.00 22.50 31.25 22.50 C32.50 22.50 33.75 22.50 35.00 22.50 C36.25 22.50 37.50 22.50 38.75 22.50 C40.00 22.50 41.25 22.50 42.50 22.50 C43.75 22.50 45.00 22.50 46.25 22.50 C47.50 22.50 48.75 22.50 50.00 22.50 Z
puffy	M50.00 0.00 C52.41 0.00 54.82 0.84 56.76 2.53 C57.83 3.45 58.90 4.38 59.97 5.31 C61.04 6.24 62.11 7.17 63.18 8.10 C63.40 8.29 63.68 8.38 63.97 8.36 C65.38 8.24 66.79 8.11 68.20 7.99 C69.62 7.87 71.03 7.74 72.44 7.62 C75.00 7.40 77.44 8.13 79.39 9.55 C81.34 10.97 82.80 13.06 83.38 15.57 C83.69 16.95 84.01 18.33 84.33 19.71 C84.65 21.09 84.97 22.47 85.29 23.85 C85.35 24.13 85.53 24.37 85.78 24.52 C86.99 25.25 88.21 25.98 89.42 26.71 C90.64 27.44 91.85 28.17 93.06 28.90 C95.26 30.22 96.81 32.26 97.56 34.55 C98.30 36.84 98.24 39.39 97.24 41.76 C96.69 43.06 96.14 44.37 95.58 45.67 C95.03 46.97 94.48 48.28 93.92 49.58 C93.81 49.85 93.81 50.15 93.92 50.42 C94.48 51.72 95.03 53.03 95.58 54.33 C96.14 55.63 96.69 56.94 97.24 58.24 C98.24 60.61 98.30 63.16 97.56 65.45 C96.81 67.74 95.26 69.78 93.06 71.10 C91.85 71.83 90.64 72.56 89.42 73.29 C88.21 74.02 86.99 74.75 85.78 75.48 C85.53 75.63 85.35 75.87 85.29 76.15 C84.97 77.53 84.65 78.91 84.33 80.29 C84.01 81.67 83.69 83.05 83.38 84.43 C82.80 86.94 81.34 89.03 79.39 90.45 C77.44 91.87 75.00 92.60 72.44 92.38 C71.03 92.26 69.62 92.13 68.20 92.01 C66.79 91.89 65.38 91.76 63.97 91.64 C63.68 91.62 63.40 91.71 63.18 91.90 C62.11 92.83 61.04 93.76 59.97 94.69 C58.90 95.62 57.83 96.55 56.76 97.47 C54.82 99.16 52.41 100.00 50.00 100.00 C47.59 100.00 45.18 99.16 43.24 97.47 C42.17 96.55 41.10 95.62 40.04 94.69 C38.97 93.76 37.90 92.83 36.83 91.90 C36.61 91.71 36.32 91.62 36.03 91.64 C34.62 91.76 33.21 91.89 31.80 92.01 C30.39 92.13 28.98 92.26 27.57 92.38 C25.01 92.60 22.56 91.87 20.61 90.45 C18.66 89.03 17.21 86.94 16.63 84.43 C16.31 83.05 15.99 81.67 15.67 80.29 C15.35 78.91 15.03 77.53 14.72 76.15 C14.65 75.87 14.47 75.63 14.23 75.48 C13.01 74.75 11.80 74.02 10.58 73.29 C9.37 72.56 8.15 71.83 6.94 71.10 C5.47 70.22 4.30 69.02 3.46 67.64 C2.61 66.26 2.11 64.70 1.98 63.09 C1.85 61.48 2.09 59.82 2.76 58.24 C3.32 56.94 3.87 55.63 4.42 54.33 C4.98 53.03 5.53 51.72 6.08 50.42 C6.20 50.15 6.20 49.85 6.08 49.58 C5.53 48.28 4.98 46.97 4.42 45.67 C3.87 44.37 3.32 43.06 2.76 41.76 C1.76 39.39 1.70 36.84 2.45 34.55 C3.19 32.26 4.74 30.22 6.94 28.90 C8.15 28.17 9.37 27.44 10.58 26.71 C11.80 25.98 13.01 25.25 14.23 24.52 C14.47 24.37 14.65 24.13 14.72 23.85 C15.03 22.47 15.35 21.09 15.67 19.71 C15.99 18.33 16.31 16.95 16.63 15.57 C17.02 13.90 17.79 12.41 18.84 11.18 C19.89 9.96 21.22 8.99 22.71 8.37 C24.21 7.75 25.86 7.47 27.57 7.62 C28.98 7.74 30.39 7.87 31.80 7.99 C33.21 8.11 34.62 8.24 36.03 8.36 C36.32 8.38 36.61 8.29 36.83 8.10 C37.90 7.17 38.97 6.24 40.04 5.31 C41.10 4.38 42.17 3.45 43.24 2.53 C45.18 0.84 47.59 0.00 50.00 0.00 Z
semicircle	M48.08 25.00 C49.36 25.00 50.64 25.00 51.92 25.00 C53.21 25.00 54.49 25.00 55.77 25.00 C57.05 25.00 58.33 25.00 59.62 25.00 C60.90 25.00 62.18 25.00 63.46 25.00 C64.74 25.00 66.03 25.00 67.31 25.00 C68.59 25.00 69.87 25.00 71.15 25.00 C72.44 25.00 73.72 25.00 75.00 25.00 C76.38 25.00 77.74 25.11 79.06 25.33 C80.37 25.54 81.66 25.86 82.90 26.27 C84.14 26.69 85.34 27.20 86.49 27.79 C87.64 28.38 88.73 29.07 89.76 29.82 C90.80 30.58 91.77 31.42 92.68 32.32 C93.58 33.23 94.42 34.20 95.18 35.24 C95.93 36.27 96.62 37.36 97.21 38.51 C97.80 39.66 98.31 40.86 98.73 42.10 C99.14 43.34 99.46 44.63 99.67 45.94 C99.89 47.26 100.00 48.62 100.00 50.00 C100.00 51.33 100.00 52.67 100.00 54.00 C100.00 55.33 100.00 56.67 100.00 58.00 C100.00 59.33 100.00 60.67 100.00 62.00 C100.00 63.33 100.00 64.67 100.00 66.00 C100.00 67.33 100.00 68.67 100.00 70.00 C100.00 70.92 99.75 71.78 99.32 72.52 C98.88 73.26 98.26 73.88 97.52 74.32 C96.78 74.75 95.92 75.00 95.00 75.00 C93.64 75.00 92.27 75.00 90.91 75.00 C89.55 75.00 88.18 75.00 86.82 75.00 C85.45 75.00 84.09 75.00 82.73 75.00 C81.36 75.00 80.00 75.00 78.64 75.00 C77.27 75.00 75.91 75.00 74.55 75.00 C73.18 75.00 71.82 75.00 70.45 75.00 C69.09 75.00 67.73 75.00 66.36 75.00 C65.00 75.00 63.64 75.00 62.27 75.00 C60.91 75.00 59.55 75.00 58.18 75.00 C56.82 75.00 55.45 75.00 54.09 75.00 C52.73 75.00 51.36 75.00 50.00 75.00 C48.64 75.00 47.27 75.00 45.91 75.00 C44.55 75.00 43.18 75.00 41.82 75.00 C40.45 75.00 39.09 75.00 37.73 75.00 C36.36 75.00 35.00 75.00 33.64 75.00 C32.27 75.00 30.91 75.00 29.55 75.00 C28.18 75.00 26.82 75.00 25.45 75.00 C24.09 75.00 22.73 75.00 21.36 75.00 C20.00 75.00 18.64 75.00 17.27 75.00 C15.91 75.00 14.55 75.00 13.18 75.00 C11.82 75.00 10.45 75.00 9.09 75.00 C7.73 75.00 6.36 75.00 5.00 75.00 C4.08 75.00 3.22 74.75 2.48 74.32 C1.74 73.88 1.12 73.26 0.68 72.52 C0.25 71.78 0.00 70.92 0.00 70.00 C0.00 68.89 0.00 67.78 0.00 66.67 C0.00 65.56 0.00 64.44 0.00 63.33 C0.00 62.22 0.00 61.11 0.00 60.00 C0.00 58.89 0.00 57.78 0.00 56.67 C0.00 55.56 0.00 54.44 0.00 53.33 C0.00 52.22 0.00 51.11 0.00 50.00 C0.00 48.62 0.11 47.26 0.33 45.94 C0.54 44.63 0.86 43.34 1.27 42.10 C1.69 40.86 2.20 39.66 2.79 38.51 C3.38 37.36 4.07 36.27 4.82 35.24 C5.58 34.20 6.42 33.23 7.32 32.32 C8.23 31.42 9.20 30.58 10.24 29.82 C11.27 29.07 12.36 28.38 13.51 27.79 C14.66 27.20 15.86 26.69 17.10 26.27 C18.34 25.86 19.63 25.54 20.94 25.33 C22.26 25.11 23.62 25.00 25.00 25.00 C26.28 25.00 27.56 25.00 28.85 25.00 C30.13 25.00 31.41 25.00 32.69 25.00 C33.97 25.00 35.26 25.00 36.54 25.00 C37.82 25.00 39.10 25.00 40.38 25.00 C41.67 25.00 42.95 25.00 44.23 25.00 C45.51 25.00 46.79 25.00 48.08 25.00 Z
slanted	M48.51 0.00 C50.17 0.00 51.84 0.00 53.50 0.00 C55.16 0.00 56.83 0.00 58.49 0.00 C60.15 0.00 61.81 0.00 63.48 0.00 C65.14 0.00 66.80 0.00 68.46 0.00 C70.13 0.00 71.79 0.00 73.45 0.00 C75.11 0.00 76.78 0.00 78.44 0.00 C80.10 0.00 81.76 0.00 83.43 0.00 C85.20 0.00 86.90 0.31 88.47 0.87 C90.04 1.43 91.49 2.24 92.77 3.26 C94.04 4.28 95.15 5.50 96.03 6.87 C96.92 8.24 97.59 9.77 97.99 11.39 C98.39 13.01 98.53 14.73 98.35 16.49 C98.18 18.16 98.02 19.83 97.85 21.49 C97.68 23.16 97.52 24.83 97.35 26.49 C97.18 28.16 97.02 29.83 96.85 31.49 C96.68 33.16 96.52 34.83 96.35 36.49 C96.18 38.16 96.02 39.83 95.85 41.49 C95.68 43.16 95.52 44.83 95.35 46.49 C95.18 48.16 95.02 49.83 94.85 51.49 C94.68 53.16 94.52 54.83 94.35 56.49 C94.18 58.16 94.02 59.83 93.85 61.49 C93.68 63.16 93.52 64.83 93.35 66.49 C93.18 68.16 93.02 69.83 92.85 71.49 C92.68 73.16 92.52 74.83 92.35 76.49 C92.18 78.16 92.02 79.83 91.85 81.49 C91.68 83.16 91.52 84.83 91.35 86.49 C91.20 88.03 90.82 89.49 90.24 90.84 C89.67 92.20 88.91 93.45 87.99 94.56 C87.06 95.67 85.99 96.65 84.79 97.45 C83.59 98.26 82.27 98.90 80.86 99.33 C79.46 99.77 77.97 100.00 76.43 100.00 C74.76 100.00 73.10 100.00 71.44 100.00 C69.78 100.00 68.11 100.00 66.45 100.00 C64.79 100.00 63.13 100.00 61.46 100.00 C59.80 100.00 58.14 100.00 56.48 100.00 C54.81 100.00 53.15 100.00 51.49 100.00 C49.83 100.00 48.16 100.00 46.50 100.00 C44.84 100.00 43.17 100.00 41.51 100.00 C39.85 100.00 38.19 100.00 36.52 100.00 C34.86 100.00 33.20 100.00 31.54 100.00 C29.87 100.00 28.21 100.00 26.55 100.00 C24.89 100.00 23.22 100.00 21.56 100.00 C19.90 100.00 18.24 100.00 16.57 100.00 C14.80 100.00 13.10 99.69 11.53 99.13 C9.96 98.57 8.51 97.76 7.23 96.74 C5.96 95.72 4.85 94.50 3.97 93.13 C3.08 91.76 2.41 90.23 2.01 88.61 C1.61 86.99 1.47 85.27 1.65 83.51 C1.82 81.84 1.98 80.17 2.15 78.51 C2.32 76.84 2.48 75.17 2.65 73.51 C2.82 71.84 2.98 70.17 3.15 68.51 C3.32 66.84 3.48 65.17 3.65 63.51 C3.82 61.84 3.98 60.17 4.15 58.51 C4.32 56.84 4.48 55.17 4.65 53.51 C4.82 51.84 4.98 50.17 5.15 48.51 C5.32 46.84 5.48 45.17 5.65 43.51 C5.82 41.84 5.98 40.17 6.15 38.51 C6.32 36.84 6.48 35.17 6.65 33.51 C6.82 31.84 6.98 30.17 7.15 28.51 C7.32 26.84 7.48 25.17 7.65 23.51 C7.82 21.84 7.98 20.17 8.15 18.51 C8.32 16.84 8.48 15.17 8.65 13.51 C8.80 11.97 9.18 10.51 9.76 9.16 C10.33 7.80 11.09 6.55 12.01 5.44 C12.94 4.33 14.01 3.35 15.21 2.55 C16.41 1.74 17.73 1.10 19.14 0.67 C20.54 0.23 22.03 0.00 23.57 0.00 C25.24 0.00 26.90 0.00 28.56 0.00 C30.22 0.00 31.89 0.00 33.55 0.00 C35.21 0.00 36.87 0.00 38.54 0.00 C40.20 0.00 41.86 0.00 43.52 0.00 C45.19 0.00 46.85 0.00 48.51 0.00 Z
soft_boom	M46.47 3.02 C47.38 -0.67 52.62 -0.67 53.53 3.02 C54.30 6.13 55.07 9.24 55.84 12.35 C56.34 14.35 58.92 14.90 60.19 13.27 C62.16 10.74 64.12 8.21 66.09 5.69 C68.42 2.69 73.21 4.82 72.54 8.56 C71.98 11.71 71.42 14.87 70.86 18.02 C70.50 20.05 72.64 21.60 74.45 20.63 C77.28 19.12 80.11 17.62 82.93 16.11 C84.61 15.21 86.32 15.74 87.35 16.88 C88.38 18.02 88.72 19.78 87.66 21.35 C85.86 24.01 84.07 26.66 82.27 29.31 C81.11 31.02 82.44 33.31 84.49 33.16 C87.69 32.93 90.88 32.70 94.08 32.48 C97.87 32.20 99.48 37.19 96.26 39.19 C93.54 40.89 90.82 42.58 88.10 44.27 C86.35 45.36 86.63 47.99 88.57 48.69 C91.58 49.78 94.59 50.87 97.60 51.96 C99.39 52.61 100.14 54.23 99.98 55.76 C99.82 57.29 98.75 58.73 96.87 58.99 C93.69 59.43 90.52 59.87 87.35 60.31 C85.30 60.59 84.49 63.11 85.97 64.54 C88.28 66.76 90.59 68.98 92.90 71.20 C94.26 72.52 94.29 74.31 93.52 75.64 C92.76 76.97 91.19 77.84 89.37 77.32 C86.29 76.43 83.21 75.54 80.13 74.65 C78.15 74.08 76.38 76.04 77.16 77.95 C78.36 80.92 79.57 83.89 80.77 86.86 C81.49 88.62 80.79 90.27 79.54 91.17 C78.30 92.07 76.51 92.23 75.06 91.01 C72.61 88.95 70.16 86.88 67.71 84.82 C66.13 83.49 63.72 84.57 63.65 86.63 C63.54 89.83 63.44 93.03 63.33 96.23 C63.27 98.13 61.95 99.35 60.45 99.67 C58.95 99.99 57.25 99.41 56.42 97.70 C55.02 94.82 53.62 91.94 52.22 89.06 C51.32 87.20 48.68 87.20 47.78 89.06 C46.38 91.94 44.98 94.82 43.58 97.70 C42.75 99.41 41.05 99.99 39.55 99.67 C38.05 99.35 36.73 98.13 36.67 96.23 C36.56 93.03 36.46 89.83 36.35 86.63 C36.28 84.57 33.87 83.49 32.29 84.82 C29.84 86.88 27.39 88.95 24.94 91.01 C23.49 92.23 21.70 92.07 20.46 91.17 C19.21 90.27 18.51 88.62 19.23 86.86 C20.43 83.89 21.64 80.92 22.84 77.95 C23.62 76.04 21.85 74.08 19.87 74.65 C16.79 75.54 13.71 76.43 10.63 77.32 C8.81 77.84 7.24 76.97 6.48 75.64 C5.71 74.31 5.74 72.52 7.10 71.20 C9.41 68.98 11.72 66.76 14.03 64.54 C15.51 63.11 14.70 60.59 12.65 60.31 C9.48 59.87 6.31 59.43 3.13 58.99 C1.25 58.73 0.18 57.29 0.02 55.76 C-0.14 54.23 0.61 52.61 2.40 51.96 C5.41 50.87 8.42 49.78 11.43 48.69 C13.37 47.99 13.65 45.36 11.90 44.27 C9.18 42.58 6.46 40.89 3.74 39.19 C2.13 38.19 1.73 36.44 2.20 34.98 C2.68 33.52 4.03 32.34 5.92 32.48 C9.12 32.70 12.31 32.93 15.51 33.16 C17.56 33.31 18.89 31.02 17.73 29.31 C15.93 26.66 14.14 24.01 12.34 21.35 C11.28 19.78 11.62 18.02 12.65 16.88 C13.68 15.74 15.39 15.21 17.07 16.11 C19.89 17.62 22.72 19.12 25.55 20.63 C27.36 21.60 29.50 20.05 29.14 18.02 C28.58 14.87 28.02 11.71 27.46 8.56 C27.12 6.69 28.15 5.22 29.56 4.60 C30.96 3.97 32.74 4.19 33.91 5.69 C35.88 8.21 37.84 10.74 39.81 13.27 C41.08 14.90 43.66 14.35 44.16 12.35 C44.93 9.24 45.70 6.13 46.47 3.02 Z
soft_burst	M50.00 0.00 C52.34 0.00 54.67 1.07 56.18 3.20 C56.89 4.21 57.60 5.22 58.31 6.22 C59.02 7.23 59.73 8.24 60.44 9.24 C61.58 10.85 63.64 11.52 65.51 10.89 C66.67 10.49 67.84 10.09 69.01 9.70 C70.17 9.30 71.34 8.90 72.51 8.51 C74.98 7.67 77.50 8.18 79.39 9.55 C81.28 10.92 82.54 13.16 82.51 15.77 C82.49 17.00 82.47 18.24 82.46 19.47 C82.44 20.70 82.42 21.93 82.41 23.17 C82.39 24.15 82.70 25.08 83.25 25.84 C83.80 26.60 84.59 27.18 85.53 27.47 C86.71 27.84 87.89 28.20 89.07 28.57 C90.24 28.93 91.42 29.30 92.60 29.66 C95.09 30.43 96.83 32.33 97.55 34.55 C98.27 36.77 97.98 39.32 96.42 41.42 C95.68 42.40 94.94 43.39 94.20 44.38 C93.46 45.36 92.73 46.35 91.99 47.34 C90.81 48.92 90.81 51.08 91.99 52.66 C92.73 53.65 93.46 54.64 94.20 55.62 C94.94 56.61 95.68 57.60 96.42 58.58 C97.98 60.68 98.27 63.23 97.55 65.45 C96.83 67.67 95.09 69.57 92.60 70.34 C91.42 70.70 90.24 71.07 89.07 71.43 C87.89 71.80 86.71 72.16 85.53 72.53 C83.65 73.11 82.38 74.86 82.41 76.83 C82.42 78.07 82.44 79.30 82.46 80.53 C82.47 81.76 82.49 83.00 82.51 84.23 C82.54 86.84 81.28 89.08 79.39 90.45 C77.50 91.82 74.98 92.33 72.51 91.49 C71.34 91.10 70.17 90.70 69.01 90.30 C67.84 89.91 66.67 89.51 65.51 89.11 C63.64 88.48 61.58 89.15 60.44 90.76 C59.73 91.76 59.02 92.77 58.31 93.78 C57.60 94.78 56.89 95.79 56.18 96.80 C54.67 98.93 52.34 100.00 50.00 100.00 C47.66 100.00 45.33 98.93 43.82 96.80 C43.11 95.79 42.40 94.78 41.69 93.78 C40.98 92.77 40.27 91.76 39.56 90.76 C38.42 89.15 36.36 88.48 34.49 89.11 C33.33 89.51 32.16 89.91 30.99 90.30 C29.83 90.70 28.66 91.10 27.49 91.49 C25.02 92.33 22.50 91.82 20.61 90.45 C18.72 89.08 17.46 86.84 17.49 84.23 C17.51 83.00 17.53 81.76 17.54 80.53 C17.56 79.30 17.58 78.07 17.59 76.83 C17.61 75.85 17.30 74.92 16.75 74.16 C16.20 73.40 15.41 72.82 14.47 72.53 C13.29 72.16 12.11 71.80 10.93 71.43 C9.76 71.07 8.58 70.70 7.40 70.34 C4.91 69.57 3.17 67.67 2.45 65.45 C1.73 63.23 2.02 60.68 3.58 58.58 C4.32 57.60 5.06 56.61 5.80 55.62 C6.54 54.64 7.27 53.65 8.01 52.66 C9.19 51.08 9.19 48.92 8.01 47.34 C7.27 46.35 6.54 45.36 5.80 44.38 C5.06 43.39 4.32 42.40 3.58 41.42 C2.02 39.32 1.73 36.77 2.45 34.55 C3.17 32.33 4.91 30.43 7.40 29.66 C8.58 29.30 9.76 28.93 10.93 28.57 C12.11 28.20 13.29 27.84 14.47 27.47 C16.35 26.89 17.62 25.14 17.59 23.17 C17.58 21.93 17.56 20.70 17.54 19.47 C17.53 18.24 17.51 17.00 17.49 15.77 C17.46 13.16 18.72 10.92 20.61 9.55 C22.50 8.18 25.02 7.67 27.49 8.51 C28.66 8.90 29.83 9.30 30.99 9.70 C32.16 10.09 33.33 10.49 34.49 10.89 C36.36 11.52 38.42 10.85 39.56 9.24 C40.27 8.24 40.98 7.23 41.69 6.22 C42.40 5.22 43.11 4.21 43.82 3.20 C45.33 1.07 47.66 0.00 50.00 0.00 Z
square	M47.31 0.00 C49.10 0.00 50.90 0.00 52.69 0.00 C54.49 0.00 56.28 0.00 58.08 0.00 C59.87 0.00 61.67 0.00 63.46 0.00 C65.26 0.00 67.05 0.00 68.85 0.00 C70.64 0.00 72.44 0.00 74.23 0.00 C76.03 0.00 77.82 0.00 79.62 0.00 C81.41 0.00 83.21 0.00 85.00 0.00 C86.66 0.00 88.25 0.27 89.74 0.76 C91.23 1.26 92.62 1.98 93.86 2.89 C95.10 3.80 96.20 4.90 97.11 6.14 C98.02 7.38 98.74 8.77 99.24 10.26 C99.73 11.75 100.00 13.34 100.00 15.00 C100.00 16.79 100.00 18.59 100.00 20.38 C100.00 22.18 100.00 23.97 100.00 25.77 C100.00 27.56 100.00 29.36 100.00 31.15 C100.00 32.95 100.00 34.74 100.00 36.54 C100.00 38.33 100.00 40.13 100.00 41.92 C100.00 43.72 100.00 45.51 100.00 47.31 C100.00 49.10 100.00 50.90 100.00 52.69 C100.00 54.49 100.00 56.28 100.00 58.08 C100.00 59.87 100.00 61.67 100.00 63.46 C100.00 65.26 100.00 67.05 100.00 68.85 C100.00 70.64 100.00 72.44 100.00 74.23 C100.00 76.03 100.00 77.82 100.00 79.62 C100.00 81.41 100.00 83.21 100.00 85.00 C100.00 86.66 99.73 88.25 99.24 89.74 C98.74 91.23 98.02 92.62 97.11 93.86 C96.20 95.10 95.10 96.20 93.86 97.11 C92.62 98.02 91.23 98.74 89.74 99.24 C88.25 99.73 86.66 100.00 85.00 100.00 C83.21 100.00 81.41 100.00 79.62 100.00 C77.82 100.00 76.03 100.00 74.23 100.00 C72.44 100.00 70.64 100.00 68.85 100.00 C67.05 100.00 65.26 100.00 63.46 100.00 C61.67 100.00 59.87 100.00 58.08 100.00 C56.28 100.00 54.49 100.00 52.69 100.00 C50.90 100.00 49.10 100.00 47.31 100.00 C45.51 100.00 43.72 100.00 41.92 100.00 C40.13 100.00 38.33 100.00 36.54 100.00 C34.74 100.00 32.95 100.00 31.15 100.00 C29.36 100.00 27.56 100.00 25.77 100.00 C23.97 100.00 22.18 100.00 20.38 100.00 C18.59 100.00 16.79 100.00 15.00 100.00 C13.34 100.00 11.75 99.73 10.26 99.24 C8.77 98.74 7.38 98.02 6.14 97.11 C4.90 96.20 3.80 95.10 2.89 93.86 C1.98 92.62 1.26 91.23 0.76 89.74 C0.27 88.25 0.00 86.66 0.00 85.00 C0.00 83.21 0.00 81.41 0.00 79.62 C0.00 77.82 0.00 76.03 0.00 74.23 C0.00 72.44 0.00 70.64 0.00 68.85 C0.00 67.05 0.00 65.26 0.00 63.46 C0.00 61.67 0.00 59.87 0.00 58.08 C0.00 56.28 0.00 54.49 0.00 52.69 C0.00 50.90 0.00 49.10 0.00 47.31 C0.00 45.51 0.00 43.72 0.00 41.92 C0.00 40.13 0.00 38.33 0.00 36.54 C0.00 34.74 0.00 32.95 0.00 31.15 C0.00 29.36 0.00 27.56 0.00 25.77 C0.00 23.97 0.00 22.18 0.00 20.38 C0.00 18.59 0.00 16.79 0.00 15.00 C0.00 13.34 0.27 11.75 0.76 10.26 C1.26 8.77 1.98 7.38 2.89 6.14 C3.80 4.90 4.90 3.80 6.14 2.89 C7.38 1.98 8.77 1.26 10.26 0.76 C11.75 0.27 13.34 0.00 15.00 0.00 C16.79 0.00 18.59 0.00 20.38 0.00 C22.18 0.00 23.97 0.00 25.77 0.00 C27.56 0.00 29.36 0.00 31.15 0.00 C32.95 0.00 34.74 0.00 36.54 0.00 C38.33 0.00 40.13 0.00 41.92 0.00 C43.72 0.00 45.51 0.00 47.31 0.00 Z
sunny	M50.00 0.00 C51.82 0.00 53.63 0.63 55.10 1.88 C56.11 2.73 57.11 3.59 58.11 4.44 C59.11 5.30 60.12 6.15 61.12 7.00 C62.12 7.86 63.12 8.71 64.12 9.57 C64.75 10.10 65.46 10.53 66.22 10.85 C66.97 11.16 67.78 11.36 68.60 11.42 C70.57 11.58 72.54 11.74 74.51 11.89 C76.48 12.05 78.45 12.21 80.42 12.36 C82.34 12.52 84.07 13.36 85.36 14.64 C86.64 15.93 87.48 17.66 87.64 19.58 C87.79 21.55 87.95 23.52 88.11 25.49 C88.26 27.46 88.42 29.43 88.58 31.40 C88.64 32.22 88.84 33.03 89.15 33.78 C89.47 34.54 89.90 35.25 90.43 35.88 C91.71 37.38 93.00 38.88 94.28 40.39 C95.56 41.89 96.84 43.39 98.12 44.90 C99.37 46.37 100.00 48.18 100.00 50.00 C100.00 51.82 99.37 53.63 98.12 55.10 C97.27 56.11 96.41 57.11 95.56 58.11 C94.70 59.11 93.85 60.12 93.00 61.12 C92.14 62.12 91.29 63.12 90.43 64.12 C89.90 64.75 89.47 65.46 89.15 66.22 C88.84 66.97 88.64 67.78 88.58 68.60 C88.42 70.57 88.26 72.54 88.11 74.51 C87.95 76.48 87.79 78.45 87.64 80.42 C87.48 82.34 86.64 84.07 85.36 85.36 C84.07 86.64 82.34 87.48 80.42 87.64 C78.45 87.79 76.48 87.95 74.51 88.11 C72.54 88.26 70.57 88.42 68.60 88.58 C67.78 88.64 66.97 88.84 66.22 89.15 C65.46 89.47 64.75 89.90 64.12 90.43 C62.62 91.71 61.12 93.00 59.61 94.28 C58.11 95.56 56.61 96.84 55.10 98.12 C53.63 99.37 51.82 100.00 50.00 100.00 C48.18 100.00 46.37 99.37 44.90 98.12 C43.89 97.27 42.89 96.41 41.89 95.56 C40.89 94.70 39.88 93.85 38.88 93.00 C37.88 92.14 36.88 91.29 35.88 90.43 C35.25 89.90 34.54 89.47 33.78 89.15 C33.03 88.84 32.22 88.64 31.40 88.58 C29.43 88.42 27.46 88.26 25.49 88.11 C23.52 87.95 21.55 87.79 19.58 87.64 C17.66 87.48 15.93 86.64 14.64 85.36 C13.36 84.07 12.52 82.34 12.36 80.42 C12.26 79.10 12.15 77.79 12.05 76.48 C11.95 75.17 11.84 73.85 11.74 72.54 C11.63 71.23 11.53 69.92 11.42 68.60 C11.36 67.78 11.16 66.97 10.85 66.22 C10.53 65.46 10.10 64.75 9.57 64.12 C8.71 63.12 7.86 62.12 7.00 61.12 C6.15 60.12 5.30 59.11 4.44 58.11 C3.59 57.11 2.73 56.11 1.88 55.10 C0.63 53.63 0.00 51.82 0.00 50.00 C0.00 48.18 0.63 46.37 1.88 44.90 C2.73 43.89 3.59 42.89 4.44 41.89 C5.30 40.89 6.15 39.88 7.00 38.88 C7.86 37.88 8.71 36.88 9.57 35.88 C10.10 35.25 10.53 34.54 10.85 33.78 C11.16 33.03 11.36 32.22 11.42 31.40 C11.53 30.08 11.63 28.77 11.74 27.46 C11.84 26.15 11.95 24.83 12.05 23.52 C12.15 22.21 12.26 20.90 12.36 19.58 C12.52 17.66 13.36 15.93 14.64 14.64 C15.93 13.36 17.66 12.52 19.58 12.36 C21.55 12.21 23.52 12.05 25.49 11.89 C27.46 11.74 29.43 11.58 31.40 11.42 C32.22 11.36 33.03 11.16 33.78 10.85 C34.54 10.53 35.25 10.10 35.88 9.57 C36.88 8.71 37.88 7.86 38.88 7.00 C39.88 6.15 40.89 5.30 41.89 4.44 C42.89 3.59 43.89 2.73 44.90 1.88 C46.37 0.63 48.18 0.00 50.00 0.00 Z
triangle	M47.95 4.38 C49.31 4.23 50.69 4.23 52.05 4.38 C53.41 4.53 54.76 4.84 56.06 5.29 C57.37 5.74 58.63 6.34 59.81 7.09 C61.00 7.85 62.12 8.75 63.13 9.80 C64.15 10.86 65.06 12.06 65.84 13.42 C66.55 14.64 67.25 15.86 67.95 17.07 C68.66 18.29 69.36 19.51 70.07 20.73 C70.77 21.95 71.47 23.17 72.18 24.39 C72.88 25.61 73.59 26.83 74.29 28.05 C74.99 29.27 75.70 30.49 76.40 31.71 C77.11 32.93 77.81 34.15 78.51 35.37 C79.22 36.59 79.92 37.81 80.63 39.02 C81.33 40.24 82.03 41.46 82.74 42.68 C83.44 43.90 84.15 45.12 84.85 46.34 C85.55 47.56 86.26 48.78 86.96 50.00 C87.67 51.22 88.37 52.44 89.07 53.66 C89.78 54.88 90.48 56.10 91.19 57.32 C91.89 58.54 92.59 59.76 93.30 60.98 C94.00 62.19 94.71 63.41 95.41 64.63 C96.12 65.85 96.82 67.07 97.52 68.29 C98.31 69.65 98.89 71.04 99.30 72.44 C99.70 73.85 99.93 75.27 99.99 76.67 C100.04 78.08 99.94 79.47 99.67 80.82 C99.41 82.18 99.00 83.50 98.45 84.75 C97.90 86.01 97.21 87.20 96.40 88.30 C95.59 89.41 94.65 90.42 93.61 91.33 C92.57 92.23 91.42 93.02 90.17 93.67 C88.93 94.32 87.59 94.84 86.17 95.19 C84.75 95.54 83.25 95.73 81.68 95.73 C80.27 95.73 78.87 95.73 77.46 95.73 C76.05 95.73 74.64 95.73 73.23 95.73 C71.83 95.73 70.42 95.73 69.01 95.73 C67.60 95.73 66.19 95.73 64.79 95.73 C63.38 95.73 61.97 95.73 60.56 95.73 C59.15 95.73 57.74 95.73 56.34 95.73 C54.93 95.73 53.52 95.73 52.11 95.73 C50.70 95.73 49.30 95.73 47.89 95.73 C46.48 95.73 45.07 95.73 43.66 95.73 C42.26 95.73 40.85 95.73 39.44 95.73 C38.03 95.73 36.62 95.73 35.21 95.73 C33.81 95.73 32.40 95.73 30.99 95.73 C29.58 95.73 28.17 95.73 26.77 95.73 C25.36 95.73 23.95 95.73 22.54 95.73 C21.13 95.73 19.73 95.73 18.32 95.73 C16.75 95.73 15.25 95.54 13.83 95.19 C12.41 94.84 11.07 94.32 9.83 93.67 C8.58 93.02 7.43 92.23 6.39 91.33 C5.35 90.42 4.41 89.41 3.60 88.30 C2.79 87.20 2.10 86.01 1.55 84.75 C1.00 83.50 0.59 82.18 0.33 80.82 C0.06 79.47 -0.04 78.08 0.01 76.67 C0.07 75.27 0.30 73.85 0.70 72.44 C1.11 71.04 1.69 69.65 2.48 68.29 C3.18 67.07 3.88 65.85 4.59 64.63 C5.29 63.41 6.00 62.19 6.70 60.98 C7.41 59.76 8.11 58.54 8.81 57.32 C9.52 56.10 10.22 54.88 10.93 53.66 C11.63 52.44 12.33 51.22 13.04 50.00 C13.74 48.78 14.45 47.56 15.15 46.34 C15.85 45.12 16.56 43.90 17.26 42.68 C17.97 41.46 18.67 40.24 19.37 39.02 C20.08 37.81 20.78 36.59 21.49 35.37 C22.19 34.15 22.89 32.93 23.60 31.71 C24.30 30.49 25.01 29.27 25.71 28.05 C26.41 26.83 27.12 25.61 27.82 24.39 C28.53 23.17 29.23 21.95 29.93 20.73 C30.64 19.51 31.34 18.29 32.05 17.07 C32.75 15.86 33.45 14.64 34.16 13.42 C34.94 12.06 35.85 10.86 36.87 9.80 C37.88 8.75 39.00 7.85 40.19 7.09 C41.37 6.34 42.63 5.74 43.94 5.29 C45.24 4.84 46.59 4.53 47.95 4.38 Z
very_sunny	M47.29 0.44 C49.04 -0.15 50.96 -0.15 52.71 0.44 C54.46 1.03 56.05 2.21 57.15 3.97 C57.80 5.01 58.45 6.05 59.10 7.10 C59.75 8.14 60.39 9.18 61.04 10.22 C62.02 11.79 63.44 12.96 65.07 13.63 C66.69 14.30 68.52 14.48 70.32 14.06 C71.52 13.78 72.71 13.51 73.90 13.23 C75.10 12.95 76.29 12.67 77.49 12.40 C79.51 11.92 81.47 12.22 83.13 13.04 C84.78 13.86 86.14 15.22 86.96 16.87 C87.78 18.53 88.08 20.49 87.60 22.51 C87.33 23.71 87.05 24.90 86.77 26.10 C86.49 27.29 86.22 28.48 85.94 29.68 C85.52 31.48 85.70 33.31 86.37 34.93 C87.04 36.56 88.21 37.98 89.78 38.96 C90.82 39.61 91.86 40.25 92.90 40.90 C93.95 41.55 94.99 42.20 96.03 42.85 C97.79 43.95 98.97 45.54 99.56 47.29 C100.15 49.04 100.15 50.96 99.56 52.71 C98.97 54.46 97.79 56.05 96.03 57.15 C94.99 57.80 93.95 58.45 92.90 59.10 C91.86 59.75 90.82 60.39 89.78 61.04 C88.21 62.02 87.04 63.44 86.37 65.07 C85.70 66.69 85.52 68.52 85.94 70.32 C86.22 71.52 86.49 72.71 86.77 73.90 C87.05 75.10 87.33 76.29 87.60 77.49 C88.08 79.51 87.78 81.47 86.96 83.13 C86.14 84.78 84.78 86.14 83.13 86.96 C81.47 87.78 79.51 88.08 77.49 87.60 C76.29 87.33 75.10 87.05 73.90 86.77 C72.71 86.49 71.52 86.22 70.32 85.94 C68.52 85.52 66.69 85.70 65.07 86.37 C63.44 87.04 62.02 88.21 61.04 89.78 C60.39 90.82 59.75 91.86 59.10 92.90 C58.45 93.95 57.80 94.99 57.15 96.03 C56.05 97.79 54.46 98.97 52.71 99.56 C50.96 100.15 49.04 100.15 47.29 99.56 C45.54 98.97 43.95 97.79 42.85 96.03 C42.20 94.99 41.55 93.95 40.90 92.90 C40.25 91.86 39.61 90.82 38.96 89.78 C37.98 88.21 36.56 87.04 34.93 86.37 C33.31 85.70 31.48 85.52 29.68 85.94 C28.48 86.22 27.29 86.49 26.10 86.77 C24.90 87.05 23.71 87.33 22.51 87.60 C20.49 88.08 18.53 87.78 16.87 86.96 C15.22 86.14 13.86 84.78 13.04 83.13 C12.22 81.47 11.92 79.51 12.40 77.49 C12.67 76.29 12.95 75.10 13.23 73.90 C13.51 72.71 13.78 71.52 14.06 70.32 C14.48 68.52 14.30 66.69 13.63 65.07 C12.96 63.44 11.79 62.02 10.22 61.04 C9.18 60.39 8.14 59.75 7.10 59.10 C6.05 58.45 5.01 57.80 3.97 57.15 C2.21 56.05 1.03 54.46 0.44 52.71 C-0.15 50.96 -0.15 49.04 0.44 47.29 C1.03 45.54 2.21 43.95 3.97 42.85 C5.01 42.20 6.05 41.55 7.10 40.90 C8.14 40.25 9.18 39.61 10.22 38.96 C11.79 37.98 12.96 36.56 13.63 34.93 C14.30 33.31 14.48 31.48 14.06 29.68 C13.78 28.48 13.51 27.29 13.23 26.10 C12.95 24.90 12.67 23.71 12.40 22.51 C11.92 20.49 12.22 18.53 13.04 16.87 C13.86 15.22 15.22 13.86 16.87 13.04 C18.53 12.22 20.49 11.92 22.51 12.40 C23.71 12.67 24.90 12.95 26.10 13.23 C27.29 13.51 28.48 13.78 29.68 14.06 C31.48 14.48 33.31 14.30 34.93 13.63 C36.56 12.96 37.98 11.79 38.96 10.22 C39.61 9.18 40.25 8.14 40.90 7.10 C41.55 6.05 42.20 5.01 42.85 3.97 C43.95 2.21 45.54 1.03 47.29 0.44 Z
